   9.0000000000000000       -1.2246467991473532E-016
   9.0003011813037954       -2.4541228522912326E-002
   9.0012045437948274       -4.9067674327417966E-002
   9.0027095433213091       -7.3564563599667732E-002
   9.0048152733278037       -9.8017140329560826E-002
   9.0075204654012904      -0.12241067519921635     
   9.0108234900352198      -0.14673047445536180     
   9.0147223576110580      -0.17096188876030122     
   9.0192147195967696      -0.19509032201612861     
   9.0242978699614724      -0.21910124015687005     
   9.0299687468054568      -0.24298017990326407     
   9.0362239342045605      -0.26671275747489848     
   9.0430596642677905      -0.29028467725446239     
   9.0504718194069635      -0.31368174039889141     
   9.0584559348169797      -0.33688985339222033     
   9.0670072011652607      -0.35989503653498833     
   9.0761204674887139      -0.38268343236508989     
   9.0857902442964686      -0.40524131400498992     
   9.0960107068765570      -0.42755509343028203     
   9.1067756988044852      -0.44961132965460687     
   9.1180787356516451      -0.47139673682599786     
   9.1299130088912879      -0.49289819222978415     
   9.1422713899997277      -0.51410274419322177     
   9.1551464347502929      -0.53499761988709715     
   9.1685303876974551      -0.55557023301960218     
   9.1824151868484165      -0.57580819141784545     
   9.1967924685193552      -0.59569930449243347     
   9.2116535723733932      -0.61523159058062693     
   9.2269895466372631      -0.63439328416364549     
   9.2427911534935152      -0.65317284295377698     
   9.2590488746450408      -0.67155895484701855     
   9.2757529170485338      -0.68954054473706705     
   9.2928932188134521      -0.70710678118654757     
   9.3104594552629329      -0.72424708295146689     
   9.3284410451529816      -0.74095112535495899     
   9.3468271570462225      -0.75720884650648446     
   9.3656067158363552      -0.77301045336273710     
   9.3847684094193724      -0.78834642762660634     
   9.4043006955075672      -0.80320753148064494     
   9.4241918085821546      -0.81758481315158371     
   9.4444297669803987      -0.83146961230254546     
   9.4650023801129031      -0.84485356524970723     
   9.4858972558067780      -0.85772861000027212     
   9.5071018077702156      -0.87008699110871146     
   9.5286032631740021      -0.88192126434835505     
   9.5503886703453933      -0.89322430119551521     
   9.5724449065697179      -0.90398929312344323     
   9.5947586859950107      -0.91420975570353069     
   9.6173165676349104      -0.92387953251128674     
   9.6401049634650118      -0.93299279883473885     
   9.6631101466077798      -0.94154406518302081     
   9.6863182596011086      -0.94952818059303667     
   9.7097153227455379      -0.95694033573220894     
   9.7332872425251011      -0.96377606579543984     
   9.7570198200967369      -0.97003125319454397     
   9.7808987598431312      -0.97570213003852857     
   9.8049096779838720      -0.98078528040323043     
   9.8290381112396989      -0.98527764238894122     
   9.8532695255446381      -0.98917650996478101     
   9.8775893248007840      -0.99247953459870997     
   9.9019828596704400      -0.99518472667219693     
   9.9264354364003324      -0.99729045667869021     
   9.9509323256725821      -0.99879545620517241     
   9.9754587714770881      -0.99969881869620425     
   10.000000000000000       -1.0000000000000000     
   10.024541228522912      -0.99969881869620425     
   10.049067674327418      -0.99879545620517241     
   10.073564563599668      -0.99729045667869021     
   10.098017140329560      -0.99518472667219682     
   10.122410675199216      -0.99247953459870997     
   10.146730474455362      -0.98917650996478101     
   10.170961888760301      -0.98527764238894122     
   10.195090322016128      -0.98078528040323043     
   10.219101240156871      -0.97570213003852857     
   10.242980179903263      -0.97003125319454397     
   10.266712757474899      -0.96377606579543984     
   10.290284677254462      -0.95694033573220894     
   10.313681740398891      -0.94952818059303667     
   10.336889853392220      -0.94154406518302081     
   10.359895036534988      -0.93299279883473885     
   10.382683432365090      -0.92387953251128674     
   10.405241314004989      -0.91420975570353069     
   10.427555093430282      -0.90398929312344334     
   10.449611329654607      -0.89322430119551521     
   10.471396736825998      -0.88192126434835494     
   10.492898192229784      -0.87008699110871135     
   10.514102744193222      -0.85772861000027212     
   10.534997619887097      -0.84485356524970712     
   10.555570233019601      -0.83146961230254535     
   10.575808191417845      -0.81758481315158360     
   10.595699304492433      -0.80320753148064483     
   10.615231590580628      -0.78834642762660623     
   10.634393284163645      -0.77301045336273699     
   10.653172842953776      -0.75720884650648468     
   10.671558954847018      -0.74095112535495899     
   10.689540544737067      -0.72424708295146689     
   10.707106781186548      -0.70710678118654746     
   10.724247082951466      -0.68954054473706694     
   10.740951125354959      -0.67155895484701855     
   10.757208846506485      -0.65317284295377664     
   10.773010453362737      -0.63439328416364538     
   10.788346427626607      -0.61523159058062682     
   10.803207531480645      -0.59569930449243336     
   10.817584813151583      -0.57580819141784545     
   10.831469612302545      -0.55557023301960207     
   10.844853565249707      -0.53499761988709704     
   10.857728610000272      -0.51410274419322166     
   10.870086991108712      -0.49289819222978404     
   10.881921264348355      -0.47139673682599775     
   10.893224301195515      -0.44961132965460676     
   10.903989293123443      -0.42755509343028192     
   10.914209755703531      -0.40524131400498981     
   10.923879532511286      -0.38268343236508978     
   10.932992798834739      -0.35989503653498822     
   10.941544065183020      -0.33688985339222022     
   10.949528180593036      -0.31368174039889130     
   10.956940335732209      -0.29028467725446228     
   10.963776065795440      -0.26671275747489837     
   10.970031253194543      -0.24298017990326393     
   10.975702130038529      -0.21910124015686994     
   10.980785280403230      -0.19509032201612847     
   10.985277642388942      -0.17096188876030108     
   10.989176509964780      -0.14673047445536169     
   10.992479534598710      -0.12241067519921622     
   10.995184726672196       -9.8017140329560715E-002
   10.997290456678691       -7.3564563599667621E-002
   10.998795456205173       -4.9067674327417848E-002
   10.999698818696205       -2.4541228522912205E-002
   11.000000000000000        0.0000000000000000     
   10.999698818696205        2.4541228522912205E-002
   10.998795456205173        4.9067674327417848E-002
   10.997290456678691        7.3564563599667621E-002
   10.995184726672196        9.8017140329560715E-002
   10.992479534598710       0.12241067519921622     
   10.989176509964780       0.14673047445536169     
   10.985277642388942       0.17096188876030108     
   10.980785280403230       0.19509032201612847     
   10.975702130038529       0.21910124015686994     
   10.970031253194543       0.24298017990326393     
   10.963776065795440       0.26671275747489837     
   10.956940335732209       0.29028467725446228     
   10.949528180593036       0.31368174039889130     
   10.941544065183020       0.33688985339222022     
   10.932992798834739       0.35989503653498822     
   10.923879532511286       0.38268343236508978     
   10.914209755703531       0.40524131400498981     
   10.903989293123443       0.42755509343028192     
   10.893224301195515       0.44961132965460676     
   10.881921264348355       0.47139673682599775     
   10.870086991108712       0.49289819222978404     
   10.857728610000272       0.51410274419322166     
   10.844853565249707       0.53499761988709704     
   10.831469612302545       0.55557023301960207     
   10.817584813151583       0.57580819141784545     
   10.803207531480645       0.59569930449243336     
   10.788346427626607       0.61523159058062682     
   10.773010453362737       0.63439328416364538     
   10.757208846506485       0.65317284295377664     
   10.740951125354959       0.67155895484701855     
   10.724247082951466       0.68954054473706694     
   10.707106781186548       0.70710678118654746     
   10.689540544737067       0.72424708295146689     
   10.671558954847018       0.74095112535495899     
   10.653172842953778       0.75720884650648435     
   10.634393284163647       0.77301045336273677     
   10.615231590580628       0.78834642762660601     
   10.595699304492433       0.80320753148064516     
   10.575808191417845       0.81758481315158382     
   10.555570233019601       0.83146961230254535     
   10.534997619887097       0.84485356524970712     
   10.514102744193222       0.85772861000027212     
   10.492898192229784       0.87008699110871135     
   10.471396736825998       0.88192126434835494     
   10.449611329654607       0.89322430119551521     
   10.427555093430282       0.90398929312344323     
   10.405241314004991       0.91420975570353047     
   10.382683432365090       0.92387953251128652     
   10.359895036534988       0.93299279883473896     
   10.336889853392220       0.94154406518302081     
   10.313681740398891       0.94952818059303667     
   10.290284677254462       0.95694033573220894     
   10.266712757474899       0.96377606579543984     
   10.242980179903263       0.97003125319454397     
   10.219101240156871       0.97570213003852846     
   10.195090322016128       0.98078528040323043     
   10.170961888760301       0.98527764238894122     
   10.146730474455362       0.98917650996478090     
   10.122410675199216       0.99247953459871008     
   10.098017140329560       0.99518472667219693     
   10.073564563599668       0.99729045667869021     
   10.049067674327418       0.99879545620517241     
   10.024541228522912       0.99969881869620425     
   10.000000000000000        1.0000000000000000     
   9.9754587714770881       0.99969881869620425     
   9.9509323256725821       0.99879545620517241     
   9.9264354364003324       0.99729045667869021     
   9.9019828596704400       0.99518472667219693     
   9.8775893248007840       0.99247953459871008     
   9.8532695255446381       0.98917650996478090     
   9.8290381112396989       0.98527764238894122     
   9.8049096779838720       0.98078528040323043     
   9.7808987598431294       0.97570213003852857     
   9.7570198200967369       0.97003125319454397     
   9.7332872425251011       0.96377606579543984     
   9.7097153227455379       0.95694033573220894     
   9.6863182596011086       0.94952818059303679     
   9.6631101466077798       0.94154406518302092     
   9.6401049634650118       0.93299279883473907     
   9.6173165676349104       0.92387953251128663     
   9.5947586859950107       0.91420975570353058     
   9.5724449065697179       0.90398929312344323     
   9.5503886703453933       0.89322430119551521     
   9.5286032631740021       0.88192126434835505     
   9.5071018077702156       0.87008699110871146     
   9.4858972558067780       0.85772861000027212     
   9.4650023801129031       0.84485356524970723     
   9.4444297669803987       0.83146961230254546     
   9.4241918085821546       0.81758481315158393     
   9.4043006955075672       0.80320753148064516     
   9.3847684094193724       0.78834642762660601     
   9.3656067158363534       0.77301045336273677     
   9.3468271570462225       0.75720884650648446     
   9.3284410451529816       0.74095112535495899     
   9.3104594552629329       0.72424708295146689     
   9.2928932188134521       0.70710678118654757     
   9.2757529170485338       0.68954054473706705     
   9.2590488746450408       0.67155895484701855     
   9.2427911534935152       0.65317284295377698     
   9.2269895466372631       0.63439328416364582     
   9.2116535723733932       0.61523159058062726     
   9.1967924685193552       0.59569930449243313     
   9.1824151868484165       0.57580819141784512     
   9.1685303876974551       0.55557023301960218     
   9.1551464347502929       0.53499761988709715     
   9.1422713899997277       0.51410274419322177     
   9.1299130088912879       0.49289819222978415     
   9.1180787356516451       0.47139673682599786     
   9.1067756988044852       0.44961132965460687     
   9.0960107068765570       0.42755509343028242     
   9.0857902442964686       0.40524131400499031     
   9.0761204674887139       0.38268343236509028     
   9.0670072011652607       0.35989503653498789     
   9.0584559348169797       0.33688985339221988     
   9.0504718194069635       0.31368174039889141     
   9.0430596642677905       0.29028467725446239     
   9.0362239342045605       0.26671275747489848     
   9.0299687468054568       0.24298017990326407     
   9.0242978699614724       0.21910124015687005     
   9.0192147195967696       0.19509032201612861     
   9.0147223576110580       0.17096188876030163     
   9.0108234900352198       0.14673047445536225     
   9.0075204654012904       0.12241067519921590     
   9.0048152733278037        9.8017140329560395E-002
   9.0027095433213091        7.3564563599667288E-002
   9.0012045437948274        4.9067674327417966E-002
   9.0003011813037954        2.4541228522912326E-002
   9.0000000000000000        1.2246467991473532E-016
