0.000000000000000000e+00 2.014493036212255949e+19
3.906250000000000000e-03 2.014487594967513907e+19
7.812500000000000000e-03 2.014481941006319616e+19
1.171875000000000000e-02 2.014476066236996403e+19
1.562500000000000000e-02 2.014469962278163661e+19
1.953125000000000000e-02 2.014463620449841562e+19
2.343750000000000000e-02 2.014457031764400128e+19
2.734375000000000000e-02 2.014450186917371085e+19
3.125000000000000000e-02 2.014443076278130278e+19
3.515625000000000000e-02 2.014435689880458445e+19
3.906250000000000000e-02 2.014428017413004493e+19
4.296875000000000000e-02 2.014420048209652122e+19
4.687500000000000000e-02 2.014411771239821312e+19
5.078125000000000000e-02 2.014403175098715341e+19
5.468750000000000000e-02 2.014394247997536666e+19
5.859375000000000000e-02 2.014384977753698714e+19
6.250000000000000000e-02 2.014375351781054054e+19
6.640625000000000000e-02 2.014365357080175821e+19
7.031250000000000000e-02 2.014354980228717773e+19
7.421875000000000000e-02 2.014344207371888640e+19
7.812500000000000000e-02 2.014333024213086208e+19
8.203125000000000000e-02 2.014321416004721050e+19
8.593750000000000000e-02 2.014309367539287245e+19
8.984375000000000000e-02 2.014296863140719411e+19
9.375000000000000000e-02 2.014283886656096256e+19
9.765625000000000000e-02 2.014270421447745126e+19
1.015625000000000000e-01 2.014256450385807360e+19
1.054687500000000000e-01 2.014241955841337754e+19
1.093750000000000000e-01 2.014226919680002458e+19
1.132812500000000000e-01 2.014211323256455168e+19
1.171875000000000000e-01 2.014195147409475584e+19
1.210937500000000000e-01 2.014178372457952870e+19
1.250000000000000000e-01 2.014160978197811200e+19
1.289062500000000000e-01 2.014142943899972813e+19
1.328125000000000000e-01 2.014124248309468774e+19
1.367187500000000000e-01 2.014104869645799014e+19
1.406250000000000000e-01 2.014084785604669030e+19
1.445312500000000000e-01 2.014063973361218355e+19
1.484375000000000000e-01 2.014042409574873498e+19
1.523437500000000000e-01 2.014020070395959706e+19
1.562500000000000000e-01 2.013996931474212045e+19
1.601562500000000000e-01 2.013972967969335296e+19
1.640625000000000000e-01 2.013948154563761766e+19
1.679687500000000000e-01 2.013922465477765530e+19
1.718750000000000000e-01 2.013895874487099392e+19
1.757812500000000000e-01 2.013868354943317197e+19
1.796875000000000000e-01 2.013839879796952269e+19
1.835937500000000000e-01 2.013810421623730995e+19
1.875000000000000000e-01 2.013779952653990298e+19
1.914062500000000000e-01 2.013748444805481267e+19
1.953125000000000000e-01 2.013715869719736320e+19
1.992187500000000000e-01 2.013682198802171085e+19
2.031250000000000000e-01 2.013647403266100838e+19
2.070312500000000000e-01 2.013611454180837786e+19
2.109375000000000000e-01 2.013574322524030157e+19
2.148437500000000000e-01 2.013535979238404506e+19
2.187500000000000000e-01 2.013496395293052109e+19
2.226562500000000000e-01 2.013455541749390950e+19
2.265625000000000000e-01 2.013413389831927808e+19
2.304687500000000000e-01 2.013369911003912192e+19
2.343750000000000000e-01 2.013325077047970202e+19
2.382812500000000000e-01 2.013278860151763763e+19
2.421875000000000000e-01 2.013231232998717850e+19
2.460937500000000000e-01 2.013182168863797658e+19
2.500000000000000000e-01 2.013131641714318950e+19
2.539062500000000000e-01 2.013079626315698995e+19
2.578125000000000000e-01 2.013026098342054298e+19
2.617187500000000000e-01 2.012971034491468186e+19
2.656250000000000000e-01 2.012914412605736960e+19
2.695312500000000000e-01 2.012856211794325094e+19
2.734375000000000000e-01 2.012796412562219827e+19
2.773437500000000000e-01 2.012734996941313638e+19
2.812500000000000000e-01 2.012671948624877978e+19
2.851562500000000000e-01 2.012607253104632218e+19
2.890625000000000000e-01 2.012540897809844634e+19
2.929687500000000000e-01 2.012472872247836262e+19
2.968750000000000000e-01 2.012403168145180672e+19
3.007812500000000000e-01 2.012331779588846797e+19
3.046875000000000000e-01 2.012258703166434099e+19
3.085937500000000000e-01 2.012183938104612864e+19
3.125000000000000000e-01 2.012107486404798054e+19
3.164062500000000000e-01 2.012029352975036006e+19
3.203125000000000000e-01 2.011949545757029171e+19
3.242187500000000000e-01 2.011868075847170867e+19
3.281250000000000000e-01 2.011784957610426778e+19
3.320312500000000000e-01 2.011700208785864294e+19
3.359375000000000000e-01 2.011613850582616474e+19
3.398437500000000000e-01 2.011525907765046067e+19
3.437500000000000000e-01 2.011436408725890662e+19
3.476562500000000000e-01 2.011345385546177741e+19
3.515625000000000000e-01 2.011252874040738202e+19
3.554687500000000000e-01 2.011158913788184576e+19
3.593750000000000000e-01 2.011063548144296346e+19
3.632812500000000000e-01 2.010966824237825638e+19
3.671875000000000000e-01 2.010868792947846758e+19
3.710937500000000000e-01 2.010769508861874586e+19
3.750000000000000000e-01 2.010669030214125158e+19
3.789062500000000000e-01 2.010567418803428557e+19
3.828125000000000000e-01 2.010464739890478694e+19
3.867187500000000000e-01 2.010361062074268877e+19
3.906250000000000000e-01 2.010256457147772518e+19
3.945312500000000000e-01 2.010150999933101261e+19
3.984375000000000000e-01 2.010044768096604979e+19
4.023437500000000000e-01 2.009937841944573952e+19
4.062500000000000000e-01 2.009830304200414413e+19
4.101562500000000000e-01 2.009722239764396851e+19
4.140625000000000000e-01 2.009613735457260749e+19
4.179687500000000000e-01 2.009504879749167923e+19
4.218750000000000000e-01 2.009395762475682611e+19
4.257812500000000000e-01 2.009286474542622720e+19
4.296875000000000000e-01 2.009177107621770854e+19
4.335937500000000000e-01 2.009067753839579955e+19
4.375000000000000000e-01 2.008958505461092352e+19
4.414062500000000000e-01 2.008849454571386470e+19
4.453125000000000000e-01 2.008740692756901069e+19
4.492187500000000000e-01 2.008632310789019648e+19
4.531250000000000000e-01 2.008524398312275558e+19
4.570312500000000000e-01 2.008417043539501466e+19
4.609375000000000000e-01 2.008310332956184576e+19
4.648437500000000000e-01 2.008204351036167782e+19
4.687500000000000000e-01 2.008099179970732851e+19
4.726562500000000000e-01 2.007994899412930970e+19
4.765625000000000000e-01 2.007891586238862131e+19
4.804687500000000000e-01 2.007789314327401267e+19
4.843750000000000000e-01 2.007688154359667098e+19
4.882812500000000000e-01 2.007588173639294566e+19
4.921875000000000000e-01 2.007489435934357504e+19
4.960937500000000000e-01 2.007392001341531341e+19
5.000000000000000000e-01 2.007295926172866150e+19
5.039062500000000000e-01 2.007201262865299046e+19
5.078125000000000000e-01 2.007108059912804352e+19
5.117187500000000000e-01 2.007016361820874342e+19
5.156250000000000000e-01 2.006926209082807910e+19
5.195312500000000000e-01 2.006837638177101414e+19
5.234375000000000000e-01 2.006750681585070080e+19
5.273437500000000000e-01 2.006665367827666944e+19
5.312500000000000000e-01 2.006581721520344678e+19
5.351562500000000000e-01 2.006499763444694630e+19
5.390625000000000000e-01 2.006419510635510170e+19
5.429687500000000000e-01 2.006340976481851802e+19
5.468750000000000000e-01 2.006264170840659968e+19
5.507812500000000000e-01 2.006189100161421722e+19
5.546875000000000000e-01 2.006115767620404429e+19
5.585937500000000000e-01 2.006044173262981120e+19
5.625000000000000000e-01 2.005974314152596685e+19
5.664062500000000000e-01 2.005906184524972032e+19
5.703125000000000000e-01 2.005839775946199859e+19
5.742187500000000000e-01 2.005775077473452032e+19
5.781250000000000000e-01 2.005712075817093530e+19
5.820312500000000000e-01 2.005650755503079834e+19
5.859375000000000000e-01 2.005591099034607616e+19
5.898437500000000000e-01 2.005533087052071731e+19
5.937500000000000000e-01 2.005476698490480230e+19
5.976562500000000000e-01 2.005421910733576602e+19
6.015625000000000000e-01 2.005368699763991347e+19
6.054687500000000000e-01 2.005317040308865434e+19
6.093750000000000000e-01 2.005266905980447539e+19
6.132812500000000000e-01 2.005218269411268608e+19
6.171875000000000000e-01 2.005171102383566438e+19
6.210937500000000000e-01 2.005125375952712090e+19
6.250000000000000000e-01 2.005081060564460339e+19
6.289062500000000000e-01 2.005038126165902950e+19
6.328125000000000000e-01 2.004996542310065357e+19
6.367187500000000000e-01 2.004956278254142669e+19
6.406250000000000000e-01 2.004917303051411866e+19
6.445312500000000000e-01 2.004879585636896768e+19
6.484375000000000000e-01 2.004843094906906624e+19
6.523437500000000000e-01 2.004807799792590029e+19
6.562500000000000000e-01 2.004773669327677030e+19
6.601562500000000000e-01 2.004740672710601933e+19
6.640625000000000000e-01 2.004708779361216102e+19
6.679687500000000000e-01 2.004677958972315648e+19
6.718750000000000000e-01 2.004648181556215808e+19
6.757812500000000000e-01 2.004619417486614118e+19
6.796875000000000000e-01 2.004591637535982797e+19
6.835937500000000000e-01 2.004564812908741018e+19
6.875000000000000000e-01 2.004538915270448333e+19
6.914062500000000000e-01 2.004513916773263770e+19
6.953125000000000000e-01 2.004489790077911859e+19
6.992187500000000000e-01 2.004466508372384154e+19
7.031250000000000000e-01 2.004444045387606426e+19
7.070312500000000000e-01 2.004422375410292736e+19
7.109375000000000000e-01 2.004401473293195264e+19
7.148437500000000000e-01 2.004381314462954701e+19
7.187500000000000000e-01 2.004361874925744947e+19
7.226562500000000000e-01 2.004343131270896026e+19
7.265625000000000000e-01 2.004325060672675021e+19
7.304687500000000000e-01 2.004307640890383155e+19
7.343750000000000000e-01 2.004290850266936115e+19
7.382812500000000000e-01 2.004274667726063206e+19
7.421875000000000000e-01 2.004259072768277299e+19
7.460937500000000000e-01 2.004244045465730253e+19
7.500000000000000000e-01 2.004229566456087347e+19
7.539062500000000000e-01 2.004215616935525171e+19
7.578125000000000000e-01 2.004202178650961510e+19
7.617187500000000000e-01 2.004189233891613082e+19
7.656250000000000000e-01 2.004176765479968768e+19
7.695312500000000000e-01 2.004164756762264371e+19
7.734375000000000000e-01 2.004153191598533018e+19
7.773437500000000000e-01 2.004142054352301261e+19
7.812500000000000000e-01 2.004131329879993139e+19
7.851562500000000000e-01 2.004121003520107315e+19
7.890625000000000000e-01 2.004111061082209075e+19
7.929687500000000000e-01 2.004101488835799040e+19
7.968750000000000000e-01 2.004092273499090534e+19
8.007812500000000000e-01 2.004083402227744768e+19
8.046875000000000000e-01 2.004074862603592499e+19
8.085937500000000000e-01 2.004066642623380275e+19
8.125000000000000000e-01 2.004058730687564186e+19
8.164062500000000000e-01 2.004051115589183488e+19
8.203125000000000000e-01 2.004043786502831309e+19
8.242187500000000000e-01 2.004036732973743309e+19
8.281250000000000000e-01 2.004029944907027661e+19
8.320312500000000000e-01 2.004023412557042483e+19
8.359375000000000000e-01 2.004017126516944486e+19
8.398437500000000000e-01 2.004011077708410061e+19
8.437500000000000000e-01 2.004005257371547238e+19
8.476562500000000000e-01 2.003999657055001395e+19
8.515625000000000000e-01 2.003994268606264525e+19
8.554687500000000000e-01 2.003989084162191770e+19
8.593750000000000000e-01 2.003984096139730125e+19
8.632812500000000000e-01 2.003979297226861363e+19
8.671875000000000000e-01 2.003974680373767373e+19
8.710937500000000000e-01 2.003970238784206848e+19
8.750000000000000000e-01 2.003965965907120538e+19
8.789062500000000000e-01 2.003961855428449894e+19
8.828125000000000000e-01 2.003957901263177318e+19
8.867187500000000000e-01 2.003954097547584717e+19
8.906250000000000000e-01 2.003950438631727104e+19
8.945312500000000000e-01 2.003946919072122061e+19
8.984375000000000000e-01 2.003943533624647680e+19
9.023437500000000000e-01 2.003940277237653094e+19
9.062500000000000000e-01 2.003937145045270938e+19
9.101562500000000000e-01 2.003934132360935424e+19
9.140625000000000000e-01 2.003931234671095808e+19
9.179687500000000000e-01 2.003928447629125632e+19
9.218750000000000000e-01 2.003925767049425715e+19
9.257812500000000000e-01 2.003923188901709005e+19
9.296875000000000000e-01 2.003920709305472614e+19
9.335937500000000000e-01 2.003918324524645171e+19
9.375000000000000000e-01 2.003916030962410701e+19
9.414062500000000000e-01 2.003913825156201267e+19
9.453125000000000000e-01 2.003911703772855501e+19
9.492187500000000000e-01 2.003909663603937690e+19
9.531250000000000000e-01 2.003907701561216614e+19
9.570312500000000000e-01 2.003905814672293478e+19
9.609375000000000000e-01 2.003904000076381389e+19
9.648437500000000000e-01 2.003902255020226150e+19
9.687500000000000000e-01 2.003900576854172058e+19
9.726562500000000000e-01 2.003898963028356301e+19
9.765625000000000000e-01 2.003897411089043046e+19
9.804687500000000000e-01 2.003895918675081216e+19
9.843750000000000000e-01 2.003894483514485965e+19
9.882812500000000000e-01 2.003893103421143450e+19
9.921875000000000000e-01 2.003891776291628237e+19
9.960937500000000000e-01 2.003890500102137037e+19
1.000000000000000000e+00 2.003889272905530163e+19
