0.000000000000000000e+00 1.449303621225584000e+17
5.025125628140703592e-03 1.448599757886471680e+17
1.005025125628140718e-02 1.447860310631761920e+17
1.507537688442210991e-02 1.447083530380516160e+17
2.010050251256281437e-02 1.446267587314921280e+17
2.512562814070351883e-02 1.445410567707469440e+17
3.015075376884421982e-02 1.444510470683964800e+17
3.517587939698492427e-02 1.443565204928523520e+17
4.020100502512562873e-02 1.442572585337875200e+17
4.522613065326633319e-02 1.441530329633543680e+17
5.025125628140703765e-02 1.440436054941868960e+17
5.527638190954774211e-02 1.439287274353386240e+17
6.030150753768843963e-02 1.438081393474723840e+17
6.532663316582915103e-02 1.436815706988047040e+17
7.035175879396984855e-02 1.435487395235053280e+17
7.537688442211055995e-02 1.434093520844692480e+17
8.040201005025125747e-02 1.432631025426153440e+17
8.542713567839195499e-02 1.431096726351171040e+17
9.045226130653266639e-02 1.429487313652461280e+17
9.547738693467336391e-02 1.427799347068003360e+17
1.005025125628140753e-01 1.426029253264033280e+17
1.055276381909547728e-01 1.424173323272937920e+17
1.105527638190954842e-01 1.422227710185777920e+17
1.155778894472361817e-01 1.420188427142904320e+17
1.206030150753768793e-01 1.418051345670046880e+17
1.256281407035175768e-01 1.415812194411363680e+17
1.306532663316583021e-01 1.413466558315190400e+17
1.356783919597989996e-01 1.411009878332627360e+17
1.407035175879396971e-01 1.408437451693604640e+17
1.457286432160803946e-01 1.405744432829639040e+17
1.507537688442211199e-01 1.402925835017088160e+17
1.557788944723618174e-01 1.399976532819279200e+17
1.608040201005025149e-01 1.396891265410350400e+17
1.658291457286432125e-01 1.393664640867946240e+17
1.708542713567839100e-01 1.390291141525930240e+17
1.758793969849246352e-01 1.386765130481953120e+17
1.809045226130653328e-01 1.383080859357886240e+17
1.859296482412060303e-01 1.379232477413704480e+17
1.909547738693467278e-01 1.375214042117198720e+17
1.959798994974874531e-01 1.371019531272774240e+17
2.010050251256281506e-01 1.366642856812363360e+17
2.060301507537688481e-01 1.362077880349947520e+17
2.110552763819095456e-01 1.357318430598151520e+17
2.160804020100502432e-01 1.352358322740603840e+17
2.211055276381909684e-01 1.347191379847049120e+17
2.261306532663316660e-01 1.341811456409279040e+17
2.311557788944723635e-01 1.336212464064627200e+17
2.361809045226130610e-01 1.330388399559772320e+17
2.412060301507537585e-01 1.324333374990721600e+17
2.462311557788944838e-01 1.318041650334889120e+17
2.512562814070351536e-01 1.311507668267955360e+17
2.562814070351758788e-01 1.304726091231575360e+17
2.613065326633166041e-01 1.297691840687877760e+17
2.663316582914572739e-01 1.290400138463066720e+17
2.713567839195979992e-01 1.282846550045319360e+17
2.763819095477387244e-01 1.275027029661728160e+17
2.814070351758793942e-01 1.266937966915486080e+17
2.864321608040201195e-01 1.258576234718226560e+17
2.914572864321607892e-01 1.249939238203886880e+17
2.964824120603015145e-01 1.241024964260297280e+17
3.015075376884422398e-01 1.231832031263677440e+17
3.065326633165829096e-01 1.222359738550287040e+17
3.115577889447236348e-01 1.212608115109704800e+17
3.165829145728643046e-01 1.202577966936845120e+17
3.216080402010050299e-01 1.192270922436208960e+17
3.266331658291457551e-01 1.181689475233535520e+17
3.316582914572864249e-01 1.170837023718492800e+17
3.366834170854271502e-01 1.159717906619005280e+17
3.417085427135678199e-01 1.148337433894844640e+17
3.467336683417085452e-01 1.136701912236848960e+17
3.517587939698492705e-01 1.124818664470012000e+17
3.567839195979899403e-01 1.112696042185055680e+17
3.618090452261306655e-01 1.100343430964971840e+17
3.668341708542713353e-01 1.087771247631203040e+17
3.718592964824120606e-01 1.074990929008875040e+17
3.768844221105527859e-01 1.062014911801829120e+17
3.819095477386934556e-01 1.048856603275364160e+17
3.869346733668341809e-01 1.035530342566565920e+17
3.919597989949749062e-01 1.022051352577036480e+17
3.969849246231155759e-01 1.008435682548489920e+17
4.020100502512563012e-01 9.947001415751872000e+16
4.070351758793969710e-01 9.808622234651801600e+16
4.120603015075376963e-01 9.669400235210920000e+16
4.170854271356784215e-01 9.529521479665750400e+16
4.221105527638190913e-01 9.389176168924281600e+16
4.271356783919598166e-01 9.248557617323497600e+16
4.321608040201004863e-01 9.107861183982907200e+16
4.371859296482412116e-01 8.967283173055014400e+16
4.422110552763819369e-01 8.827019715943171200e+16
4.472361809045226066e-01 8.687265649066563200e+16
4.522613065326633319e-01 8.548213400981984000e+16
4.572864321608040017e-01 8.410051902610593600e+16
4.623115577889447270e-01 8.272965533963107200e+16
4.673366834170854522e-01 8.137133120116168000e+16
4.723618090452261220e-01 8.002726988282500800e+16
4.773869346733668473e-01 7.869912096663798400e+16
4.824120603015075170e-01 7.738845244410860800e+16
4.874371859296482423e-01 7.609674370480451200e+16
4.924623115577889676e-01 7.482537947516737600e+16
4.974874371859296374e-01 7.357564475144843200e+16
5.025125628140703071e-01 7.234872075292859200e+16
5.075376884422110324e-01 7.114568190404880000e+16
5.125628140703517577e-01 6.996749383715496000e+16
5.175879396984924830e-01 6.881501239166868800e+16
5.226130653266332082e-01 6.768898357097992800e+16
5.276381909547738225e-01 6.659004440550560800e+16
5.326633165829145478e-01 6.551872465938692000e+16
5.376884422110552730e-01 6.447544930934632800e+16
5.427135678391959983e-01 6.346054171736059200e+16
5.477386934673367236e-01 6.247422741402970400e+16
5.527638190954774489e-01 6.151663840676533600e+16
5.577889447236180631e-01 6.058781792607066400e+16
5.628140703517587884e-01 5.968772552407125600e+16
5.678391959798995137e-01 5.881624244188924800e+16
5.728643216080402389e-01 5.797317716620778400e+16
5.778894472361809642e-01 5.715827110022100800e+16
5.829145728643215785e-01 5.637120427986720000e+16
5.879396984924623037e-01 5.561160107257194400e+16
5.929648241206030290e-01 5.487903580246470400e+16
5.979899497487437543e-01 5.417303825297501600e+16
6.030150753768844796e-01 5.349309900468712000e+16
6.080402010050250938e-01 5.283867457317693600e+16
6.130653266331658191e-01 5.220919231814560800e+16
6.180904522613065444e-01 5.160405510139566400e+16
6.231155778894472697e-01 5.102264567698872000e+16
6.281407035175879949e-01 5.046433080222432000e+16
6.331658291457286092e-01 4.992846506285045600e+16
6.381909547738693345e-01 4.941439441014309600e+16
6.432160804020100597e-01 4.892145941117264800e+16
6.482412060301507850e-01 4.844899821672271200e+16
6.532663316582915103e-01 4.799634925396328000e+16
6.582914572864321245e-01 4.756285365313740800e+16
6.633165829145728498e-01 4.714785741923315200e+16
6.683417085427135751e-01 4.675071336092170400e+16
6.733668341708543004e-01 4.637078278998964800e+16
6.783919597989950256e-01 4.600743700512008000e+16
6.834170854271356399e-01 4.566005857422594400e+16
6.884422110552763652e-01 4.532804242964880800e+16
6.934673366834170904e-01 4.501079679044584800e+16
6.984924623115578157e-01 4.470774392572989600e+16
7.035175879396985410e-01 4.441832077263709600e+16
7.085427135678391553e-01 4.414197942199904800e+16
7.135678391959798805e-01 4.387818748421893600e+16
7.185929648241206058e-01 4.362642834721612800e+16
7.236180904522613311e-01 4.338620133762849600e+16
7.286432160804020564e-01 4.315702179576500000e+16
7.336683417085426706e-01 4.293842107409469600e+16
7.386934673366833959e-01 4.272994646835436000e+16
7.437185929648241212e-01 4.253116108966488000e+16
7.487437185929648464e-01 4.234164368537256000e+16
7.537688442211055717e-01 4.216098841568249600e+16
7.587939698492462970e-01 4.198880459253055200e+16
7.638190954773869112e-01 4.182471638655110400e+16
7.688442211055276365e-01 4.166836250744214400e+16
7.738693467336683618e-01 4.151939586250794400e+16
7.788944723618090871e-01 4.137748319767312800e+16
7.839195979899498123e-01 4.124230472481004800e+16
7.889447236180904266e-01 4.111355373880356000e+16
7.939698492462311519e-01 4.099093622739210400e+16
7.989949748743718771e-01 4.087417047647089600e+16
8.040201005025126024e-01 4.076298667321934400e+16
8.090452261306533277e-01 4.065712650912052800e+16
8.140703517587939420e-01 4.055634278467255200e+16
8.190954773869346672e-01 4.046039901734867200e+16
8.241206030150753925e-01 4.036906905414431200e+16
8.291457286432161178e-01 4.028213668985114400e+16
8.341708542713568431e-01 4.019939529202109600e+16
8.391959798994974573e-01 4.012064743342448000e+16
8.442211055276381826e-01 4.004570453266396000e+16
8.492462311557789079e-01 3.997438650348045600e+16
8.542713567839196331e-01 3.990652141317418400e+16
8.592964824120603584e-01 3.984194515046512000e+16
8.643216080402009727e-01 3.978050110302968000e+16
8.693467336683416979e-01 3.972203984487327200e+16
8.743718592964824232e-01 3.966641883363128000e+16
8.793969849246231485e-01 3.961350211783219200e+16
8.844221105527638738e-01 3.956316005410579200e+16
8.894472361809044880e-01 3.951526903427566400e+16
8.944723618090452133e-01 3.946971122223717600e+16
8.994974874371859386e-01 3.942637430049067200e+16
9.045226130653266639e-01 3.938515122617208000e+16
9.095477386934673891e-01 3.934593999640102400e+16
9.145728643216080034e-01 3.930864342274753600e+16
9.195979899497487287e-01 3.927316891460376800e+16
9.246231155778894539e-01 3.923942827123459200e+16
9.296482412060301792e-01 3.920733748227218400e+16
9.346733668341709045e-01 3.917681653641244000e+16
9.396984924623115187e-01 3.914778923806645600e+16
9.447236180904522440e-01 3.912018303171719200e+16
9.497487437185929693e-01 3.909392883373028800e+16
9.547738693467336946e-01 3.906896087136772000e+16
9.597989949748744198e-01 3.904521652875431200e+16
9.648241206030150341e-01 3.902263619954942400e+16
9.698492462311557594e-01 3.900116314607889600e+16
9.748743718592964846e-01 3.898074336468648000e+16
9.798994974874372099e-01 3.896132545706813600e+16
9.849246231155779352e-01 3.894286050735741600e+16
9.899497487437186605e-01 3.892530196473587200e+16
9.949748743718592747e-01 3.890860553134755200e+16
1.000000000000000000e+00 3.889272905530285600e+16
