   8.9000000000000004       -1.1000000238418579     
   8.9000000000000004       -1.0914062736555934     
   8.9000000000000004       -1.0828125234693289     
   8.9000000000000004       -1.0742187732830644     
   8.9000000000000004       -1.0656250230967999     
   8.9000000000000004       -1.0570312729105353     
   8.9000000000000004       -1.0484375227242708     
   8.9000000000000004       -1.0398437725380063     
   8.9000000000000004       -1.0312500223517418     
   8.9000000000000004       -1.0226562721654773     
   8.9000000000000004       -1.0140625219792128     
   8.9000000000000004       -1.0054687717929482     
   8.9000000000000004      -0.99687502160668373     
   8.9000000000000004      -0.98828127142041922     
   8.9000000000000004      -0.97968752123415470     
   8.9000000000000004      -0.97109377104789019     
   8.9000000000000004      -0.96250002086162567     
   8.9000000000000004      -0.95390627067536116     
   8.9000000000000004      -0.94531252048909664     
   8.9000000000000004      -0.93671877030283213     
   8.9000000000000004      -0.92812502011656761     
   8.9000000000000004      -0.91953126993030310     
   8.9000000000000004      -0.91093751974403858     
   8.9000000000000004      -0.90234376955777407     
   8.9000000000000004      -0.89375001937150955     
   8.9000000000000004      -0.88515626918524504     
   8.9000000000000004      -0.87656251899898052     
   8.9000000000000004      -0.86796876881271601     
   8.9000000000000004      -0.85937501862645149     
   8.9000000000000004      -0.85078126844018698     
   8.9000000000000004      -0.84218751825392246     
   8.9000000000000004      -0.83359376806765795     
   8.9000000000000004      -0.82500001788139343     
   8.9000000000000004      -0.81640626769512892     
   8.9000000000000004      -0.80781251750886440     
   8.9000000000000004      -0.79921876732259989     
   8.9000000000000004      -0.79062501713633537     
   8.9000000000000004      -0.78203126695007086     
   8.9000000000000004      -0.77343751676380634     
   8.9000000000000004      -0.76484376657754183     
   8.9000000000000004      -0.75625001639127731     
   8.9000000000000004      -0.74765626620501280     
   8.9000000000000004      -0.73906251601874828     
   8.9000000000000004      -0.73046876583248377     
   8.9000000000000004      -0.72187501564621925     
   8.9000000000000004      -0.71328126545995474     
   8.9000000000000004      -0.70468751527369022     
   8.9000000000000004      -0.69609376508742571     
   8.9000000000000004      -0.68750001490116119     
   8.9000000000000004      -0.67890626471489668     
   8.9000000000000004      -0.67031251452863216     
   8.9000000000000004      -0.66171876434236765     
   8.9000000000000004      -0.65312501415610313     
   8.9000000000000004      -0.64453126396983862     
   8.9000000000000004      -0.63593751378357410     
   8.9000000000000004      -0.62734376359730959     
   8.9000000000000004      -0.61875001341104507     
   8.9000000000000004      -0.61015626322478056     
   8.9000000000000004      -0.60156251303851604     
   8.9000000000000004      -0.59296876285225153     
   8.9000000000000004      -0.58437501266598701     
   8.9000000000000004      -0.57578126247972250     
   8.9000000000000004      -0.56718751229345798     
   8.9000000000000004      -0.55859376210719347     
   8.9000000000000004      -0.55000001192092896     
   8.9000000000000004      -0.54140626173466444     
   8.9000000000000004      -0.53281251154839993     
   8.9000000000000004      -0.52421876136213541     
   8.9000000000000004      -0.51562501117587090     
   8.9000000000000004      -0.50703126098960638     
   8.9000000000000004      -0.49843751080334187     
   8.9000000000000004      -0.48984376061707735     
   8.9000000000000004      -0.48125001043081284     
   8.9000000000000004      -0.47265626024454832     
   8.9000000000000004      -0.46406251005828381     
   8.9000000000000004      -0.45546875987201929     
   8.9000000000000004      -0.44687500968575478     
   8.9000000000000004      -0.43828125949949026     
   8.9000000000000004      -0.42968750931322575     
   8.9000000000000004      -0.42109375912696123     
   8.9000000000000004      -0.41250000894069672     
   8.9000000000000004      -0.40390625875443220     
   8.9000000000000004      -0.39531250856816769     
   8.9000000000000004      -0.38671875838190317     
   8.9000000000000004      -0.37812500819563866     
   8.9000000000000004      -0.36953125800937414     
   8.9000000000000004      -0.36093750782310963     
   8.9000000000000004      -0.35234375763684511     
   8.9000000000000004      -0.34375000745058060     
   8.9000000000000004      -0.33515625726431608     
   8.9000000000000004      -0.32656250707805157     
   8.9000000000000004      -0.31796875689178705     
   8.9000000000000004      -0.30937500670552254     
   8.9000000000000004      -0.30078125651925802     
   8.9000000000000004      -0.29218750633299351     
   8.9000000000000004      -0.28359375614672899     
   8.9000000000000004      -0.27500000596046448     
   8.9000000000000004      -0.26640625577419996     
   8.9000000000000004      -0.25781250558793545     
   8.9000000000000004      -0.24921875540167093     
   8.9000000000000004      -0.24062500521540642     
   8.9000000000000004      -0.23203125502914190     
   8.9000000000000004      -0.22343750484287739     
   8.9000000000000004      -0.21484375465661287     
   8.9000000000000004      -0.20625000447034836     
   8.9000000000000004      -0.19765625428408384     
   8.9000000000000004      -0.18906250409781933     
   8.9000000000000004      -0.18046875391155481     
   8.9000000000000004      -0.17187500372529030     
   8.9000000000000004      -0.16328125353902578     
   8.9000000000000004      -0.15468750335276127     
   8.9000000000000004      -0.14609375316649675     
   8.9000000000000004      -0.13750000298023224     
   8.9000000000000004      -0.12890625279396772     
   8.9000000000000004      -0.12031250260770321     
   8.9000000000000004      -0.11171875242143869     
   8.9000000000000004      -0.10312500223517418     
   8.9000000000000004       -9.4531252048909664E-002
   8.9000000000000004       -8.5937501862645149E-002
   8.9000000000000004       -7.7343751676380634E-002
   8.9000000000000004       -6.8750001490116119E-002
   8.9000000000000004       -6.0156251303851604E-002
   8.9000000000000004       -5.1562501117587090E-002
   8.9000000000000004       -4.2968750931322575E-002
   8.9000000000000004       -3.4375000745058060E-002
   8.9000000000000004       -2.5781250558793545E-002
   8.9000000000000004       -1.7187500372529030E-002
   8.9000000000000004       -8.5937501862645149E-003
   8.9000000000000004        0.0000000000000000     
   8.9000000000000004        8.5937501862645149E-003
   8.9000000000000004        1.7187500372529030E-002
   8.9000000000000004        2.5781250558793545E-002
   8.9000000000000004        3.4375000745058060E-002
   8.9000000000000004        4.2968750931322575E-002
   8.9000000000000004        5.1562501117587090E-002
   8.9000000000000004        6.0156251303851604E-002
   8.9000000000000004        6.8750001490116119E-002
   8.9000000000000004        7.7343751676380634E-002
   8.9000000000000004        8.5937501862645149E-002
   8.9000000000000004        9.4531252048909664E-002
   8.9000000000000004       0.10312500223517418     
   8.9000000000000004       0.11171875242143869     
   8.9000000000000004       0.12031250260770321     
   8.9000000000000004       0.12890625279396772     
   8.9000000000000004       0.13750000298023224     
   8.9000000000000004       0.14609375316649675     
   8.9000000000000004       0.15468750335276127     
   8.9000000000000004       0.16328125353902578     
   8.9000000000000004       0.17187500372529030     
   8.9000000000000004       0.18046875391155481     
   8.9000000000000004       0.18906250409781933     
   8.9000000000000004       0.19765625428408384     
   8.9000000000000004       0.20625000447034836     
   8.9000000000000004       0.21484375465661287     
   8.9000000000000004       0.22343750484287739     
   8.9000000000000004       0.23203125502914190     
   8.9000000000000004       0.24062500521540642     
   8.9000000000000004       0.24921875540167093     
   8.9000000000000004       0.25781250558793545     
   8.9000000000000004       0.26640625577419996     
   8.9000000000000004       0.27500000596046448     
   8.9000000000000004       0.28359375614672899     
   8.9000000000000004       0.29218750633299351     
   8.9000000000000004       0.30078125651925802     
   8.9000000000000004       0.30937500670552254     
   8.9000000000000004       0.31796875689178705     
   8.9000000000000004       0.32656250707805157     
   8.9000000000000004       0.33515625726431608     
   8.9000000000000004       0.34375000745058060     
   8.9000000000000004       0.35234375763684511     
   8.9000000000000004       0.36093750782310963     
   8.9000000000000004       0.36953125800937414     
   8.9000000000000004       0.37812500819563866     
   8.9000000000000004       0.38671875838190317     
   8.9000000000000004       0.39531250856816769     
   8.9000000000000004       0.40390625875443220     
   8.9000000000000004       0.41250000894069672     
   8.9000000000000004       0.42109375912696123     
   8.9000000000000004       0.42968750931322575     
   8.9000000000000004       0.43828125949949026     
   8.9000000000000004       0.44687500968575478     
   8.9000000000000004       0.45546875987201929     
   8.9000000000000004       0.46406251005828381     
   8.9000000000000004       0.47265626024454832     
   8.9000000000000004       0.48125001043081284     
   8.9000000000000004       0.48984376061707735     
   8.9000000000000004       0.49843751080334187     
   8.9000000000000004       0.50703126098960638     
   8.9000000000000004       0.51562501117587090     
   8.9000000000000004       0.52421876136213541     
   8.9000000000000004       0.53281251154839993     
   8.9000000000000004       0.54140626173466444     
   8.9000000000000004       0.55000001192092896     
   8.9000000000000004       0.55859376210719347     
   8.9000000000000004       0.56718751229345798     
   8.9000000000000004       0.57578126247972250     
   8.9000000000000004       0.58437501266598701     
   8.9000000000000004       0.59296876285225153     
   8.9000000000000004       0.60156251303851604     
   8.9000000000000004       0.61015626322478056     
   8.9000000000000004       0.61875001341104507     
   8.9000000000000004       0.62734376359730959     
   8.9000000000000004       0.63593751378357410     
   8.9000000000000004       0.64453126396983862     
   8.9000000000000004       0.65312501415610313     
   8.9000000000000004       0.66171876434236765     
   8.9000000000000004       0.67031251452863216     
   8.9000000000000004       0.67890626471489668     
   8.9000000000000004       0.68750001490116119     
   8.9000000000000004       0.69609376508742571     
   8.9000000000000004       0.70468751527369022     
   8.9000000000000004       0.71328126545995474     
   8.9000000000000004       0.72187501564621925     
   8.9000000000000004       0.73046876583248377     
   8.9000000000000004       0.73906251601874828     
   8.9000000000000004       0.74765626620501280     
   8.9000000000000004       0.75625001639127731     
   8.9000000000000004       0.76484376657754183     
   8.9000000000000004       0.77343751676380634     
   8.9000000000000004       0.78203126695007086     
   8.9000000000000004       0.79062501713633537     
   8.9000000000000004       0.79921876732259989     
   8.9000000000000004       0.80781251750886440     
   8.9000000000000004       0.81640626769512892     
   8.9000000000000004       0.82500001788139343     
   8.9000000000000004       0.83359376806765795     
   8.9000000000000004       0.84218751825392246     
   8.9000000000000004       0.85078126844018698     
   8.9000000000000004       0.85937501862645149     
   8.9000000000000004       0.86796876881271601     
   8.9000000000000004       0.87656251899898052     
   8.9000000000000004       0.88515626918524504     
   8.9000000000000004       0.89375001937150955     
   8.9000000000000004       0.90234376955777407     
   8.9000000000000004       0.91093751974403858     
   8.9000000000000004       0.91953126993030310     
   8.9000000000000004       0.92812502011656761     
   8.9000000000000004       0.93671877030283213     
   8.9000000000000004       0.94531252048909664     
   8.9000000000000004       0.95390627067536116     
   8.9000000000000004       0.96250002086162567     
   8.9000000000000004       0.97109377104789019     
   8.9000000000000004       0.97968752123415470     
   8.9000000000000004       0.98828127142041922     
   8.9000000000000004       0.99687502160668373     
   8.9000000000000004        1.0054687717929482     
   8.9000000000000004        1.0140625219792128     
   8.9000000000000004        1.0226562721654773     
   8.9000000000000004        1.0312500223517418     
   8.9000000000000004        1.0398437725380063     
   8.9000000000000004        1.0484375227242708     
   8.9000000000000004        1.0570312729105353     
   8.9000000000000004        1.0656250230967999     
   8.9000000000000004        1.0742187732830644     
   8.9000000000000004        1.0828125234693289     
   8.9000000000000004        1.0914062736555934     
   8.9000000000000004        1.1000000238418579     
   8.9000000000000004        1.1000000238418579     
   8.9085937501862649        1.1000000238418579     
   8.9171875003725294        1.1000000238418579     
   8.9257812505587939        1.1000000238418579     
   8.9343750007450584        1.1000000238418579     
   8.9429687509313229        1.1000000238418579     
   8.9515625011175874        1.1000000238418579     
   8.9601562513038520        1.1000000238418579     
   8.9687500014901165        1.1000000238418579     
   8.9773437516763810        1.1000000238418579     
   8.9859375018626455        1.1000000238418579     
   8.9945312520489100        1.1000000238418579     
   9.0031250022351745        1.1000000238418579     
   9.0117187524214390        1.1000000238418579     
   9.0203125026077036        1.1000000238418579     
   9.0289062527939681        1.1000000238418579     
   9.0375000029802326        1.1000000238418579     
   9.0460937531664971        1.1000000238418579     
   9.0546875033527616        1.1000000238418579     
   9.0632812535390261        1.1000000238418579     
   9.0718750037252907        1.1000000238418579     
   9.0804687539115552        1.1000000238418579     
   9.0890625040978197        1.1000000238418579     
   9.0976562542840842        1.1000000238418579     
   9.1062500044703487        1.1000000238418579     
   9.1148437546566132        1.1000000238418579     
   9.1234375048428777        1.1000000238418579     
   9.1320312550291423        1.1000000238418579     
   9.1406250052154068        1.1000000238418579     
   9.1492187554016713        1.1000000238418579     
   9.1578125055879358        1.1000000238418579     
   9.1664062557742003        1.1000000238418579     
   9.1750000059604648        1.1000000238418579     
   9.1835937561467293        1.1000000238418579     
   9.1921875063329939        1.1000000238418579     
   9.2007812565192584        1.1000000238418579     
   9.2093750067055229        1.1000000238418579     
   9.2179687568917874        1.1000000238418579     
   9.2265625070780519        1.1000000238418579     
   9.2351562572643164        1.1000000238418579     
   9.2437500074505810        1.1000000238418579     
   9.2523437576368455        1.1000000238418579     
   9.2609375078231100        1.1000000238418579     
   9.2695312580093745        1.1000000238418579     
   9.2781250081956390        1.1000000238418579     
   9.2867187583819035        1.1000000238418579     
   9.2953125085681680        1.1000000238418579     
   9.3039062587544326        1.1000000238418579     
   9.3125000089406971        1.1000000238418579     
   9.3210937591269616        1.1000000238418579     
   9.3296875093132261        1.1000000238418579     
   9.3382812594994906        1.1000000238418579     
   9.3468750096857551        1.1000000238418579     
   9.3554687598720196        1.1000000238418579     
   9.3640625100582842        1.1000000238418579     
   9.3726562602445487        1.1000000238418579     
   9.3812500104308132        1.1000000238418579     
   9.3898437606170777        1.1000000238418579     
   9.3984375108033422        1.1000000238418579     
   9.4070312609896067        1.1000000238418579     
   9.4156250111758713        1.1000000238418579     
   9.4242187613621358        1.1000000238418579     
   9.4328125115484003        1.1000000238418579     
   9.4414062617346648        1.1000000238418579     
   9.4500000119209293        1.1000000238418579     
   9.4585937621071938        1.1000000238418579     
   9.4671875122934583        1.1000000238418579     
   9.4757812624797229        1.1000000238418579     
   9.4843750126659874        1.1000000238418579     
   9.4929687628522519        1.1000000238418579     
   9.5015625130385164        1.1000000238418579     
   9.5101562632247809        1.1000000238418579     
   9.5187500134110454        1.1000000238418579     
   9.5273437635973099        1.1000000238418579     
   9.5359375137835745        1.1000000238418579     
   9.5445312639698390        1.1000000238418579     
   9.5531250141561035        1.1000000238418579     
   9.5617187643423680        1.1000000238418579     
   9.5703125145286325        1.1000000238418579     
   9.5789062647148970        1.1000000238418579     
   9.5875000149011615        1.1000000238418579     
   9.5960937650874261        1.1000000238418579     
   9.6046875152736906        1.1000000238418579     
   9.6132812654599551        1.1000000238418579     
   9.6218750156462196        1.1000000238418579     
   9.6304687658324841        1.1000000238418579     
   9.6390625160187486        1.1000000238418579     
   9.6476562662050132        1.1000000238418579     
   9.6562500163912777        1.1000000238418579     
   9.6648437665775422        1.1000000238418579     
   9.6734375167638067        1.1000000238418579     
   9.6820312669500712        1.1000000238418579     
   9.6906250171363357        1.1000000238418579     
   9.6992187673226002        1.1000000238418579     
   9.7078125175088648        1.1000000238418579     
   9.7164062676951293        1.1000000238418579     
   9.7250000178813938        1.1000000238418579     
   9.7335937680676583        1.1000000238418579     
   9.7421875182539228        1.1000000238418579     
   9.7507812684401873        1.1000000238418579     
   9.7593750186264518        1.1000000238418579     
   9.7679687688127164        1.1000000238418579     
   9.7765625189989809        1.1000000238418579     
   9.7851562691852454        1.1000000238418579     
   9.7937500193715099        1.1000000238418579     
   9.8023437695577744        1.1000000238418579     
   9.8109375197440389        1.1000000238418579     
   9.8195312699303035        1.1000000238418579     
   9.8281250201165680        1.1000000238418579     
   9.8367187703028325        1.1000000238418579     
   9.8453125204890970        1.1000000238418579     
   9.8539062706753615        1.1000000238418579     
   9.8625000208616260        1.1000000238418579     
   9.8710937710478905        1.1000000238418579     
   9.8796875212341551        1.1000000238418579     
   9.8882812714204196        1.1000000238418579     
   9.8968750216066841        1.1000000238418579     
   9.9054687717929486        1.1000000238418579     
   9.9140625219792131        1.1000000238418579     
   9.9226562721654776        1.1000000238418579     
   9.9312500223517421        1.1000000238418579     
   9.9398437725380067        1.1000000238418579     
   9.9484375227242712        1.1000000238418579     
   9.9570312729105357        1.1000000238418579     
   9.9656250230968002        1.1000000238418579     
   9.9742187732830647        1.1000000238418579     
   9.9828125234693292        1.1000000238418579     
   9.9914062736555938        1.1000000238418579     
   10.000000023841858        1.1000000238418579     
   10.008593774028123        1.1000000238418579     
   10.017187524214387        1.1000000238418579     
   10.025781274400652        1.1000000238418579     
   10.034375024586916        1.1000000238418579     
   10.042968774773181        1.1000000238418579     
   10.051562524959445        1.1000000238418579     
   10.060156275145710        1.1000000238418579     
   10.068750025331974        1.1000000238418579     
   10.077343775518239        1.1000000238418579     
   10.085937525704503        1.1000000238418579     
   10.094531275890768        1.1000000238418579     
   10.103125026077032        1.1000000238418579     
   10.111718776263297        1.1000000238418579     
   10.120312526449561        1.1000000238418579     
   10.128906276635826        1.1000000238418579     
   10.137500026822091        1.1000000238418579     
   10.146093777008355        1.1000000238418579     
   10.154687527194620        1.1000000238418579     
   10.163281277380884        1.1000000238418579     
   10.171875027567149        1.1000000238418579     
   10.180468777753413        1.1000000238418579     
   10.189062527939678        1.1000000238418579     
   10.197656278125942        1.1000000238418579     
   10.206250028312207        1.1000000238418579     
   10.214843778498471        1.1000000238418579     
   10.223437528684736        1.1000000238418579     
   10.232031278871000        1.1000000238418579     
   10.240625029057265        1.1000000238418579     
   10.249218779243529        1.1000000238418579     
   10.257812529429794        1.1000000238418579     
   10.266406279616058        1.1000000238418579     
   10.275000029802323        1.1000000238418579     
   10.283593779988587        1.1000000238418579     
   10.292187530174852        1.1000000238418579     
   10.300781280361116        1.1000000238418579     
   10.309375030547381        1.1000000238418579     
   10.317968780733645        1.1000000238418579     
   10.326562530919910        1.1000000238418579     
   10.335156281106174        1.1000000238418579     
   10.343750031292439        1.1000000238418579     
   10.352343781478703        1.1000000238418579     
   10.360937531664968        1.1000000238418579     
   10.369531281851232        1.1000000238418579     
   10.378125032037497        1.1000000238418579     
   10.386718782223761        1.1000000238418579     
   10.395312532410026        1.1000000238418579     
   10.403906282596290        1.1000000238418579     
   10.412500032782555        1.1000000238418579     
   10.421093782968819        1.1000000238418579     
   10.429687533155084        1.1000000238418579     
   10.438281283341349        1.1000000238418579     
   10.446875033527613        1.1000000238418579     
   10.455468783713878        1.1000000238418579     
   10.464062533900142        1.1000000238418579     
   10.472656284086407        1.1000000238418579     
   10.481250034272671        1.1000000238418579     
   10.489843784458936        1.1000000238418579     
   10.498437534645200        1.1000000238418579     
   10.507031284831465        1.1000000238418579     
   10.515625035017729        1.1000000238418579     
   10.524218785203994        1.1000000238418579     
   10.532812535390258        1.1000000238418579     
   10.541406285576523        1.1000000238418579     
   10.550000035762787        1.1000000238418579     
   10.558593785949052        1.1000000238418579     
   10.567187536135316        1.1000000238418579     
   10.575781286321581        1.1000000238418579     
   10.584375036507845        1.1000000238418579     
   10.592968786694110        1.1000000238418579     
   10.601562536880374        1.1000000238418579     
   10.610156287066639        1.1000000238418579     
   10.618750037252903        1.1000000238418579     
   10.627343787439168        1.1000000238418579     
   10.635937537625432        1.1000000238418579     
   10.644531287811697        1.1000000238418579     
   10.653125037997961        1.1000000238418579     
   10.661718788184226        1.1000000238418579     
   10.670312538370490        1.1000000238418579     
   10.678906288556755        1.1000000238418579     
   10.687500038743019        1.1000000238418579     
   10.696093788929284        1.1000000238418579     
   10.704687539115548        1.1000000238418579     
   10.713281289301813        1.1000000238418579     
   10.721875039488078        1.1000000238418579     
   10.730468789674342        1.1000000238418579     
   10.739062539860607        1.1000000238418579     
   10.747656290046871        1.1000000238418579     
   10.756250040233136        1.1000000238418579     
   10.764843790419400        1.1000000238418579     
   10.773437540605665        1.1000000238418579     
   10.782031290791929        1.1000000238418579     
   10.790625040978194        1.1000000238418579     
   10.799218791164458        1.1000000238418579     
   10.807812541350723        1.1000000238418579     
   10.816406291536987        1.1000000238418579     
   10.825000041723252        1.1000000238418579     
   10.833593791909516        1.1000000238418579     
   10.842187542095781        1.1000000238418579     
   10.850781292282045        1.1000000238418579     
   10.859375042468310        1.1000000238418579     
   10.867968792654574        1.1000000238418579     
   10.876562542840839        1.1000000238418579     
   10.885156293027103        1.1000000238418579     
   10.893750043213368        1.1000000238418579     
   10.902343793399632        1.1000000238418579     
   10.910937543585897        1.1000000238418579     
   10.919531293772161        1.1000000238418579     
   10.928125043958426        1.1000000238418579     
   10.936718794144690        1.1000000238418579     
   10.945312544330955        1.1000000238418579     
   10.953906294517219        1.1000000238418579     
   10.962500044703484        1.1000000238418579     
   10.971093794889748        1.1000000238418579     
   10.979687545076013        1.1000000238418579     
   10.988281295262277        1.1000000238418579     
   10.996875045448542        1.1000000238418579     
   11.005468795634807        1.1000000238418579     
   11.014062545821071        1.1000000238418579     
   11.022656296007336        1.1000000238418579     
   11.031250046193600        1.1000000238418579     
   11.039843796379865        1.1000000238418579     
   11.048437546566129        1.1000000238418579     
   11.057031296752394        1.1000000238418579     
   11.065625046938658        1.1000000238418579     
   11.074218797124923        1.1000000238418579     
   11.082812547311187        1.1000000238418579     
   11.091406297497452        1.1000000238418579     
   11.100000047683716        1.1000000238418579     
   11.100000047683716        1.1000000238418579     
   11.100000047683716        1.0914062736555934     
   11.100000047683716        1.0828125234693289     
   11.100000047683716        1.0742187732830644     
   11.100000047683716        1.0656250230967999     
   11.100000047683716        1.0570312729105353     
   11.100000047683716        1.0484375227242708     
   11.100000047683716        1.0398437725380063     
   11.100000047683716        1.0312500223517418     
   11.100000047683716        1.0226562721654773     
   11.100000047683716        1.0140625219792128     
   11.100000047683716        1.0054687717929482     
   11.100000047683716       0.99687502160668373     
   11.100000047683716       0.98828127142041922     
   11.100000047683716       0.97968752123415470     
   11.100000047683716       0.97109377104789019     
   11.100000047683716       0.96250002086162567     
   11.100000047683716       0.95390627067536116     
   11.100000047683716       0.94531252048909664     
   11.100000047683716       0.93671877030283213     
   11.100000047683716       0.92812502011656761     
   11.100000047683716       0.91953126993030310     
   11.100000047683716       0.91093751974403858     
   11.100000047683716       0.90234376955777407     
   11.100000047683716       0.89375001937150955     
   11.100000047683716       0.88515626918524504     
   11.100000047683716       0.87656251899898052     
   11.100000047683716       0.86796876881271601     
   11.100000047683716       0.85937501862645149     
   11.100000047683716       0.85078126844018698     
   11.100000047683716       0.84218751825392246     
   11.100000047683716       0.83359376806765795     
   11.100000047683716       0.82500001788139343     
   11.100000047683716       0.81640626769512892     
   11.100000047683716       0.80781251750886440     
   11.100000047683716       0.79921876732259989     
   11.100000047683716       0.79062501713633537     
   11.100000047683716       0.78203126695007086     
   11.100000047683716       0.77343751676380634     
   11.100000047683716       0.76484376657754183     
   11.100000047683716       0.75625001639127731     
   11.100000047683716       0.74765626620501280     
   11.100000047683716       0.73906251601874828     
   11.100000047683716       0.73046876583248377     
   11.100000047683716       0.72187501564621925     
   11.100000047683716       0.71328126545995474     
   11.100000047683716       0.70468751527369022     
   11.100000047683716       0.69609376508742571     
   11.100000047683716       0.68750001490116119     
   11.100000047683716       0.67890626471489668     
   11.100000047683716       0.67031251452863216     
   11.100000047683716       0.66171876434236765     
   11.100000047683716       0.65312501415610313     
   11.100000047683716       0.64453126396983862     
   11.100000047683716       0.63593751378357410     
   11.100000047683716       0.62734376359730959     
   11.100000047683716       0.61875001341104507     
   11.100000047683716       0.61015626322478056     
   11.100000047683716       0.60156251303851604     
   11.100000047683716       0.59296876285225153     
   11.100000047683716       0.58437501266598701     
   11.100000047683716       0.57578126247972250     
   11.100000047683716       0.56718751229345798     
   11.100000047683716       0.55859376210719347     
   11.100000047683716       0.55000001192092896     
   11.100000047683716       0.54140626173466444     
   11.100000047683716       0.53281251154839993     
   11.100000047683716       0.52421876136213541     
   11.100000047683716       0.51562501117587090     
   11.100000047683716       0.50703126098960638     
   11.100000047683716       0.49843751080334187     
   11.100000047683716       0.48984376061707735     
   11.100000047683716       0.48125001043081284     
   11.100000047683716       0.47265626024454832     
   11.100000047683716       0.46406251005828381     
   11.100000047683716       0.45546875987201929     
   11.100000047683716       0.44687500968575478     
   11.100000047683716       0.43828125949949026     
   11.100000047683716       0.42968750931322575     
   11.100000047683716       0.42109375912696123     
   11.100000047683716       0.41250000894069672     
   11.100000047683716       0.40390625875443220     
   11.100000047683716       0.39531250856816769     
   11.100000047683716       0.38671875838190317     
   11.100000047683716       0.37812500819563866     
   11.100000047683716       0.36953125800937414     
   11.100000047683716       0.36093750782310963     
   11.100000047683716       0.35234375763684511     
   11.100000047683716       0.34375000745058060     
   11.100000047683716       0.33515625726431608     
   11.100000047683716       0.32656250707805157     
   11.100000047683716       0.31796875689178705     
   11.100000047683716       0.30937500670552254     
   11.100000047683716       0.30078125651925802     
   11.100000047683716       0.29218750633299351     
   11.100000047683716       0.28359375614672899     
   11.100000047683716       0.27500000596046448     
   11.100000047683716       0.26640625577419996     
   11.100000047683716       0.25781250558793545     
   11.100000047683716       0.24921875540167093     
   11.100000047683716       0.24062500521540642     
   11.100000047683716       0.23203125502914190     
   11.100000047683716       0.22343750484287739     
   11.100000047683716       0.21484375465661287     
   11.100000047683716       0.20625000447034836     
   11.100000047683716       0.19765625428408384     
   11.100000047683716       0.18906250409781933     
   11.100000047683716       0.18046875391155481     
   11.100000047683716       0.17187500372529030     
   11.100000047683716       0.16328125353902578     
   11.100000047683716       0.15468750335276127     
   11.100000047683716       0.14609375316649675     
   11.100000047683716       0.13750000298023224     
   11.100000047683716       0.12890625279396772     
   11.100000047683716       0.12031250260770321     
   11.100000047683716       0.11171875242143869     
   11.100000047683716       0.10312500223517418     
   11.100000047683716        9.4531252048909664E-002
   11.100000047683716        8.5937501862645149E-002
   11.100000047683716        7.7343751676380634E-002
   11.100000047683716        6.8750001490116119E-002
   11.100000047683716        6.0156251303851604E-002
   11.100000047683716        5.1562501117587090E-002
   11.100000047683716        4.2968750931322575E-002
   11.100000047683716        3.4375000745058060E-002
   11.100000047683716        2.5781250558793545E-002
   11.100000047683716        1.7187500372529030E-002
   11.100000047683716        8.5937501862645149E-003
   11.100000047683716        0.0000000000000000     
   11.100000047683716       -8.5937501862645149E-003
   11.100000047683716       -1.7187500372529030E-002
   11.100000047683716       -2.5781250558793545E-002
   11.100000047683716       -3.4375000745058060E-002
   11.100000047683716       -4.2968750931322575E-002
   11.100000047683716       -5.1562501117587090E-002
   11.100000047683716       -6.0156251303851604E-002
   11.100000047683716       -6.8750001490116119E-002
   11.100000047683716       -7.7343751676380634E-002
   11.100000047683716       -8.5937501862645149E-002
   11.100000047683716       -9.4531252048909664E-002
   11.100000047683716      -0.10312500223517418     
   11.100000047683716      -0.11171875242143869     
   11.100000047683716      -0.12031250260770321     
   11.100000047683716      -0.12890625279396772     
   11.100000047683716      -0.13750000298023224     
   11.100000047683716      -0.14609375316649675     
   11.100000047683716      -0.15468750335276127     
   11.100000047683716      -0.16328125353902578     
   11.100000047683716      -0.17187500372529030     
   11.100000047683716      -0.18046875391155481     
   11.100000047683716      -0.18906250409781933     
   11.100000047683716      -0.19765625428408384     
   11.100000047683716      -0.20625000447034836     
   11.100000047683716      -0.21484375465661287     
   11.100000047683716      -0.22343750484287739     
   11.100000047683716      -0.23203125502914190     
   11.100000047683716      -0.24062500521540642     
   11.100000047683716      -0.24921875540167093     
   11.100000047683716      -0.25781250558793545     
   11.100000047683716      -0.26640625577419996     
   11.100000047683716      -0.27500000596046448     
   11.100000047683716      -0.28359375614672899     
   11.100000047683716      -0.29218750633299351     
   11.100000047683716      -0.30078125651925802     
   11.100000047683716      -0.30937500670552254     
   11.100000047683716      -0.31796875689178705     
   11.100000047683716      -0.32656250707805157     
   11.100000047683716      -0.33515625726431608     
   11.100000047683716      -0.34375000745058060     
   11.100000047683716      -0.35234375763684511     
   11.100000047683716      -0.36093750782310963     
   11.100000047683716      -0.36953125800937414     
   11.100000047683716      -0.37812500819563866     
   11.100000047683716      -0.38671875838190317     
   11.100000047683716      -0.39531250856816769     
   11.100000047683716      -0.40390625875443220     
   11.100000047683716      -0.41250000894069672     
   11.100000047683716      -0.42109375912696123     
   11.100000047683716      -0.42968750931322575     
   11.100000047683716      -0.43828125949949026     
   11.100000047683716      -0.44687500968575478     
   11.100000047683716      -0.45546875987201929     
   11.100000047683716      -0.46406251005828381     
   11.100000047683716      -0.47265626024454832     
   11.100000047683716      -0.48125001043081284     
   11.100000047683716      -0.48984376061707735     
   11.100000047683716      -0.49843751080334187     
   11.100000047683716      -0.50703126098960638     
   11.100000047683716      -0.51562501117587090     
   11.100000047683716      -0.52421876136213541     
   11.100000047683716      -0.53281251154839993     
   11.100000047683716      -0.54140626173466444     
   11.100000047683716      -0.55000001192092896     
   11.100000047683716      -0.55859376210719347     
   11.100000047683716      -0.56718751229345798     
   11.100000047683716      -0.57578126247972250     
   11.100000047683716      -0.58437501266598701     
   11.100000047683716      -0.59296876285225153     
   11.100000047683716      -0.60156251303851604     
   11.100000047683716      -0.61015626322478056     
   11.100000047683716      -0.61875001341104507     
   11.100000047683716      -0.62734376359730959     
   11.100000047683716      -0.63593751378357410     
   11.100000047683716      -0.64453126396983862     
   11.100000047683716      -0.65312501415610313     
   11.100000047683716      -0.66171876434236765     
   11.100000047683716      -0.67031251452863216     
   11.100000047683716      -0.67890626471489668     
   11.100000047683716      -0.68750001490116119     
   11.100000047683716      -0.69609376508742571     
   11.100000047683716      -0.70468751527369022     
   11.100000047683716      -0.71328126545995474     
   11.100000047683716      -0.72187501564621925     
   11.100000047683716      -0.73046876583248377     
   11.100000047683716      -0.73906251601874828     
   11.100000047683716      -0.74765626620501280     
   11.100000047683716      -0.75625001639127731     
   11.100000047683716      -0.76484376657754183     
   11.100000047683716      -0.77343751676380634     
   11.100000047683716      -0.78203126695007086     
   11.100000047683716      -0.79062501713633537     
   11.100000047683716      -0.79921876732259989     
   11.100000047683716      -0.80781251750886440     
   11.100000047683716      -0.81640626769512892     
   11.100000047683716      -0.82500001788139343     
   11.100000047683716      -0.83359376806765795     
   11.100000047683716      -0.84218751825392246     
   11.100000047683716      -0.85078126844018698     
   11.100000047683716      -0.85937501862645149     
   11.100000047683716      -0.86796876881271601     
   11.100000047683716      -0.87656251899898052     
   11.100000047683716      -0.88515626918524504     
   11.100000047683716      -0.89375001937150955     
   11.100000047683716      -0.90234376955777407     
   11.100000047683716      -0.91093751974403858     
   11.100000047683716      -0.91953126993030310     
   11.100000047683716      -0.92812502011656761     
   11.100000047683716      -0.93671877030283213     
   11.100000047683716      -0.94531252048909664     
   11.100000047683716      -0.95390627067536116     
   11.100000047683716      -0.96250002086162567     
   11.100000047683716      -0.97109377104789019     
   11.100000047683716      -0.97968752123415470     
   11.100000047683716      -0.98828127142041922     
   11.100000047683716      -0.99687502160668373     
   11.100000047683716       -1.0054687717929482     
   11.100000047683716       -1.0140625219792128     
   11.100000047683716       -1.0226562721654773     
   11.100000047683716       -1.0312500223517418     
   11.100000047683716       -1.0398437725380063     
   11.100000047683716       -1.0484375227242708     
   11.100000047683716       -1.0570312729105353     
   11.100000047683716       -1.0656250230967999     
   11.100000047683716       -1.0742187732830644     
   11.100000047683716       -1.0828125234693289     
   11.100000047683716       -1.0914062736555934     
   11.100000047683716       -1.1000000238418579     
   11.100000047683716       -1.1000000238418579     
   11.091406297497452       -1.1000000238418579     
   11.082812547311187       -1.1000000238418579     
   11.074218797124923       -1.1000000238418579     
   11.065625046938658       -1.1000000238418579     
   11.057031296752394       -1.1000000238418579     
   11.048437546566129       -1.1000000238418579     
   11.039843796379865       -1.1000000238418579     
   11.031250046193600       -1.1000000238418579     
   11.022656296007336       -1.1000000238418579     
   11.014062545821071       -1.1000000238418579     
   11.005468795634807       -1.1000000238418579     
   10.996875045448542       -1.1000000238418579     
   10.988281295262277       -1.1000000238418579     
   10.979687545076013       -1.1000000238418579     
   10.971093794889748       -1.1000000238418579     
   10.962500044703484       -1.1000000238418579     
   10.953906294517219       -1.1000000238418579     
   10.945312544330955       -1.1000000238418579     
   10.936718794144690       -1.1000000238418579     
   10.928125043958426       -1.1000000238418579     
   10.919531293772161       -1.1000000238418579     
   10.910937543585897       -1.1000000238418579     
   10.902343793399632       -1.1000000238418579     
   10.893750043213368       -1.1000000238418579     
   10.885156293027103       -1.1000000238418579     
   10.876562542840839       -1.1000000238418579     
   10.867968792654574       -1.1000000238418579     
   10.859375042468310       -1.1000000238418579     
   10.850781292282045       -1.1000000238418579     
   10.842187542095781       -1.1000000238418579     
   10.833593791909516       -1.1000000238418579     
   10.825000041723252       -1.1000000238418579     
   10.816406291536987       -1.1000000238418579     
   10.807812541350723       -1.1000000238418579     
   10.799218791164458       -1.1000000238418579     
   10.790625040978194       -1.1000000238418579     
   10.782031290791929       -1.1000000238418579     
   10.773437540605665       -1.1000000238418579     
   10.764843790419400       -1.1000000238418579     
   10.756250040233136       -1.1000000238418579     
   10.747656290046871       -1.1000000238418579     
   10.739062539860607       -1.1000000238418579     
   10.730468789674342       -1.1000000238418579     
   10.721875039488078       -1.1000000238418579     
   10.713281289301813       -1.1000000238418579     
   10.704687539115548       -1.1000000238418579     
   10.696093788929284       -1.1000000238418579     
   10.687500038743019       -1.1000000238418579     
   10.678906288556755       -1.1000000238418579     
   10.670312538370490       -1.1000000238418579     
   10.661718788184226       -1.1000000238418579     
   10.653125037997961       -1.1000000238418579     
   10.644531287811697       -1.1000000238418579     
   10.635937537625432       -1.1000000238418579     
   10.627343787439168       -1.1000000238418579     
   10.618750037252903       -1.1000000238418579     
   10.610156287066639       -1.1000000238418579     
   10.601562536880374       -1.1000000238418579     
   10.592968786694110       -1.1000000238418579     
   10.584375036507845       -1.1000000238418579     
   10.575781286321581       -1.1000000238418579     
   10.567187536135316       -1.1000000238418579     
   10.558593785949052       -1.1000000238418579     
   10.550000035762787       -1.1000000238418579     
   10.541406285576523       -1.1000000238418579     
   10.532812535390258       -1.1000000238418579     
   10.524218785203994       -1.1000000238418579     
   10.515625035017729       -1.1000000238418579     
   10.507031284831465       -1.1000000238418579     
   10.498437534645200       -1.1000000238418579     
   10.489843784458936       -1.1000000238418579     
   10.481250034272671       -1.1000000238418579     
   10.472656284086407       -1.1000000238418579     
   10.464062533900142       -1.1000000238418579     
   10.455468783713878       -1.1000000238418579     
   10.446875033527613       -1.1000000238418579     
   10.438281283341349       -1.1000000238418579     
   10.429687533155084       -1.1000000238418579     
   10.421093782968819       -1.1000000238418579     
   10.412500032782555       -1.1000000238418579     
   10.403906282596290       -1.1000000238418579     
   10.395312532410026       -1.1000000238418579     
   10.386718782223761       -1.1000000238418579     
   10.378125032037497       -1.1000000238418579     
   10.369531281851232       -1.1000000238418579     
   10.360937531664968       -1.1000000238418579     
   10.352343781478703       -1.1000000238418579     
   10.343750031292439       -1.1000000238418579     
   10.335156281106174       -1.1000000238418579     
   10.326562530919910       -1.1000000238418579     
   10.317968780733645       -1.1000000238418579     
   10.309375030547381       -1.1000000238418579     
   10.300781280361116       -1.1000000238418579     
   10.292187530174852       -1.1000000238418579     
   10.283593779988587       -1.1000000238418579     
   10.275000029802323       -1.1000000238418579     
   10.266406279616058       -1.1000000238418579     
   10.257812529429794       -1.1000000238418579     
   10.249218779243529       -1.1000000238418579     
   10.240625029057265       -1.1000000238418579     
   10.232031278871000       -1.1000000238418579     
   10.223437528684736       -1.1000000238418579     
   10.214843778498471       -1.1000000238418579     
   10.206250028312207       -1.1000000238418579     
   10.197656278125942       -1.1000000238418579     
   10.189062527939678       -1.1000000238418579     
   10.180468777753413       -1.1000000238418579     
   10.171875027567149       -1.1000000238418579     
   10.163281277380884       -1.1000000238418579     
   10.154687527194620       -1.1000000238418579     
   10.146093777008355       -1.1000000238418579     
   10.137500026822091       -1.1000000238418579     
   10.128906276635826       -1.1000000238418579     
   10.120312526449561       -1.1000000238418579     
   10.111718776263297       -1.1000000238418579     
   10.103125026077032       -1.1000000238418579     
   10.094531275890768       -1.1000000238418579     
   10.085937525704503       -1.1000000238418579     
   10.077343775518239       -1.1000000238418579     
   10.068750025331974       -1.1000000238418579     
   10.060156275145710       -1.1000000238418579     
   10.051562524959445       -1.1000000238418579     
   10.042968774773181       -1.1000000238418579     
   10.034375024586916       -1.1000000238418579     
   10.025781274400652       -1.1000000238418579     
   10.017187524214387       -1.1000000238418579     
   10.008593774028123       -1.1000000238418579     
   10.000000023841858       -1.1000000238418579     
   9.9914062736555938       -1.1000000238418579     
   9.9828125234693292       -1.1000000238418579     
   9.9742187732830647       -1.1000000238418579     
   9.9656250230968002       -1.1000000238418579     
   9.9570312729105357       -1.1000000238418579     
   9.9484375227242712       -1.1000000238418579     
   9.9398437725380067       -1.1000000238418579     
   9.9312500223517421       -1.1000000238418579     
   9.9226562721654776       -1.1000000238418579     
   9.9140625219792131       -1.1000000238418579     
   9.9054687717929486       -1.1000000238418579     
   9.8968750216066841       -1.1000000238418579     
   9.8882812714204196       -1.1000000238418579     
   9.8796875212341551       -1.1000000238418579     
   9.8710937710478905       -1.1000000238418579     
   9.8625000208616260       -1.1000000238418579     
   9.8539062706753615       -1.1000000238418579     
   9.8453125204890970       -1.1000000238418579     
   9.8367187703028325       -1.1000000238418579     
   9.8281250201165680       -1.1000000238418579     
   9.8195312699303035       -1.1000000238418579     
   9.8109375197440389       -1.1000000238418579     
   9.8023437695577744       -1.1000000238418579     
   9.7937500193715099       -1.1000000238418579     
   9.7851562691852454       -1.1000000238418579     
   9.7765625189989809       -1.1000000238418579     
   9.7679687688127164       -1.1000000238418579     
   9.7593750186264518       -1.1000000238418579     
   9.7507812684401873       -1.1000000238418579     
   9.7421875182539228       -1.1000000238418579     
   9.7335937680676583       -1.1000000238418579     
   9.7250000178813938       -1.1000000238418579     
   9.7164062676951293       -1.1000000238418579     
   9.7078125175088648       -1.1000000238418579     
   9.6992187673226002       -1.1000000238418579     
   9.6906250171363357       -1.1000000238418579     
   9.6820312669500712       -1.1000000238418579     
   9.6734375167638067       -1.1000000238418579     
   9.6648437665775422       -1.1000000238418579     
   9.6562500163912777       -1.1000000238418579     
   9.6476562662050132       -1.1000000238418579     
   9.6390625160187486       -1.1000000238418579     
   9.6304687658324841       -1.1000000238418579     
   9.6218750156462196       -1.1000000238418579     
   9.6132812654599551       -1.1000000238418579     
   9.6046875152736906       -1.1000000238418579     
   9.5960937650874261       -1.1000000238418579     
   9.5875000149011615       -1.1000000238418579     
   9.5789062647148970       -1.1000000238418579     
   9.5703125145286325       -1.1000000238418579     
   9.5617187643423680       -1.1000000238418579     
   9.5531250141561035       -1.1000000238418579     
   9.5445312639698390       -1.1000000238418579     
   9.5359375137835745       -1.1000000238418579     
   9.5273437635973099       -1.1000000238418579     
   9.5187500134110454       -1.1000000238418579     
   9.5101562632247809       -1.1000000238418579     
   9.5015625130385164       -1.1000000238418579     
   9.4929687628522519       -1.1000000238418579     
   9.4843750126659874       -1.1000000238418579     
   9.4757812624797229       -1.1000000238418579     
   9.4671875122934583       -1.1000000238418579     
   9.4585937621071938       -1.1000000238418579     
   9.4500000119209293       -1.1000000238418579     
   9.4414062617346648       -1.1000000238418579     
   9.4328125115484003       -1.1000000238418579     
   9.4242187613621358       -1.1000000238418579     
   9.4156250111758713       -1.1000000238418579     
   9.4070312609896067       -1.1000000238418579     
   9.3984375108033422       -1.1000000238418579     
   9.3898437606170777       -1.1000000238418579     
   9.3812500104308132       -1.1000000238418579     
   9.3726562602445487       -1.1000000238418579     
   9.3640625100582842       -1.1000000238418579     
   9.3554687598720196       -1.1000000238418579     
   9.3468750096857551       -1.1000000238418579     
   9.3382812594994906       -1.1000000238418579     
   9.3296875093132261       -1.1000000238418579     
   9.3210937591269616       -1.1000000238418579     
   9.3125000089406971       -1.1000000238418579     
   9.3039062587544326       -1.1000000238418579     
   9.2953125085681680       -1.1000000238418579     
   9.2867187583819035       -1.1000000238418579     
   9.2781250081956390       -1.1000000238418579     
   9.2695312580093745       -1.1000000238418579     
   9.2609375078231100       -1.1000000238418579     
   9.2523437576368455       -1.1000000238418579     
   9.2437500074505810       -1.1000000238418579     
   9.2351562572643164       -1.1000000238418579     
   9.2265625070780519       -1.1000000238418579     
   9.2179687568917874       -1.1000000238418579     
   9.2093750067055229       -1.1000000238418579     
   9.2007812565192584       -1.1000000238418579     
   9.1921875063329939       -1.1000000238418579     
   9.1835937561467293       -1.1000000238418579     
   9.1750000059604648       -1.1000000238418579     
   9.1664062557742003       -1.1000000238418579     
   9.1578125055879358       -1.1000000238418579     
   9.1492187554016713       -1.1000000238418579     
   9.1406250052154068       -1.1000000238418579     
   9.1320312550291423       -1.1000000238418579     
   9.1234375048428777       -1.1000000238418579     
   9.1148437546566132       -1.1000000238418579     
   9.1062500044703487       -1.1000000238418579     
   9.0976562542840842       -1.1000000238418579     
   9.0890625040978197       -1.1000000238418579     
   9.0804687539115552       -1.1000000238418579     
   9.0718750037252907       -1.1000000238418579     
   9.0632812535390261       -1.1000000238418579     
   9.0546875033527616       -1.1000000238418579     
   9.0460937531664971       -1.1000000238418579     
   9.0375000029802326       -1.1000000238418579     
   9.0289062527939681       -1.1000000238418579     
   9.0203125026077036       -1.1000000238418579     
   9.0117187524214390       -1.1000000238418579     
   9.0031250022351745       -1.1000000238418579     
   8.9945312520489100       -1.1000000238418579     
   8.9859375018626455       -1.1000000238418579     
   8.9773437516763810       -1.1000000238418579     
   8.9687500014901165       -1.1000000238418579     
   8.9601562513038520       -1.1000000238418579     
   8.9515625011175874       -1.1000000238418579     
   8.9429687509313229       -1.1000000238418579     
   8.9343750007450584       -1.1000000238418579     
   8.9257812505587939       -1.1000000238418579     
   8.9171875003725294       -1.1000000238418579     
   8.9085937501862649       -1.1000000238418579     
   8.9000000000000004       -1.1000000238418579     
