  0.62441602135001184       -3.1415926535897931       -5.5681063407631788     
  0.62441602135001184       -3.0133643820146996       -5.3262176152250369     
  0.62441602135001184       -2.8851361104396060       -5.0845923057575124     
  0.62441602135001184       -2.7569078388645125       -4.8434878117371571     
  0.62441602135001184       -2.6286795672894190       -4.6031497349434094     
  0.62441602135001184       -2.5004512957143250       -4.3638065528160848     
  0.62441602135001184       -2.3722230241392315       -4.1256649314637315     
  0.62441602135001184       -2.2439947525641379       -3.8889058196518760     
  0.62441602135001184       -2.1157664809890444       -3.6536814139232843     
  0.62441602135001184       -1.9875382094139509       -3.4201130324120483     
  0.62441602135001184       -1.8593099378388573       -3.1882898856169892     
  0.62441602135001184       -1.7310816662637636       -2.9582686902341448     
  0.62441602135001184       -1.6028533946886701       -2.7300740396391245     
  0.62441602135001184       -1.4746251231135765       -2.5036994228880900     
  0.62441602135001184       -1.3463968515384828       -2.2791087730378212     
  0.62441602135001184       -1.2181685799633892       -2.0562384240546292     
  0.62441602135001184       -1.0899403083882957       -1.8349993618373901     
  0.62441602135001184      -0.96171203681320216       -1.6152796668782485     
  0.62441602135001184      -0.83348376523810863       -1.3969470617781559     
  0.62441602135001184      -0.70525549366301510       -1.1798514943784544     
  0.62441602135001184      -0.57702722208792157      -0.96382770514251848     
  0.62441602135001184      -0.44879895051282759      -0.74869774446901005     
  0.62441602135001184      -0.32057067893773405      -0.53427342104154862     
  0.62441602135001184      -0.19234240736264052      -0.32035867562460946     
  0.62441602135001184       -6.4114135787546989E-002 -0.10675188564470831     
  0.62441602135001184        6.4114135787546545E-002  0.10675188564470757     
  0.62441602135001184       0.19234240736264008       0.32035867562460874     
  0.62441602135001184       0.32057067893773361       0.53427342104154774     
  0.62441602135001184       0.44879895051282759       0.74869774446901005     
  0.62441602135001184       0.57702722208792112       0.96382770514251770     
  0.62441602135001184       0.70525549366301465        1.1798514943784535     
  0.62441602135001184       0.83348376523810819        1.3969470617781554     
  0.62441602135001184       0.96171203681320172        1.6152796668782474     
  0.62441602135001184        1.0899403083882957        1.8349993618373901     
  0.62441602135001184        1.2181685799633888        2.0562384240546288     
  0.62441602135001184        1.3463968515384828        2.2791087730378212     
  0.62441602135001184        1.4746251231135759        2.5036994228880891     
  0.62441602135001184        1.6028533946886698        2.7300740396391245     
  0.62441602135001184        1.7310816662637629        2.9582686902341431     
  0.62441602135001184        1.8593099378388569        3.1882898856169888     
  0.62441602135001184        1.9875382094139500        3.4201130324120466     
  0.62441602135001184        2.1157664809890440        3.6536814139232834     
  0.62441602135001184        2.2439947525641379        3.8889058196518760     
  0.62441602135001184        2.3722230241392310        4.1256649314637306     
  0.62441602135001184        2.5004512957143250        4.3638065528160848     
  0.62441602135001184        2.6286795672894181        4.6031497349434076     
  0.62441602135001184        2.7569078388645121        4.8434878117371563     
  0.62441602135001184        2.8851361104396052        5.0845923057575106     
  0.62441602135001184        3.0133643820146991        5.3262176152250360     
  0.62441602135001184        3.1415926535897931        5.5681063407631788     


  0.63621920955712330       -3.1415926535897931       -5.5755856005432474     
  0.63621920955712330       -3.0133643820146996       -5.3330856547277525     
  0.63621920955712330       -2.8851361104396060       -5.0908551137539373     
  0.63621920955712330       -2.7569078388645125       -4.8491571941932401     
  0.63621920955712330       -2.6286795672894190       -4.6082429811682735     
  0.63621920955712330       -2.5004512957143250       -4.3683459570490424     
  0.63621920955712330       -2.3722230241392315       -4.1296771943811930     
  0.63621920955712330       -2.2439947525641379       -3.8924213588654237     
  0.63621920955712330       -2.1157664809890444       -3.6567336147102050     
  0.63621920955712330       -1.9875382094139509       -3.4227374697191082     
  0.63621920955712330       -1.8593099378388573       -3.1905235461081549     
  0.63621920955712330       -1.7310816662637636       -2.9601492192909316     
  0.63621920955712330       -1.6028533946886701       -2.7316390333340834     
  0.63621920955712330       -1.4746251231135765       -2.5049857796064039     
  0.63621920955712330       -1.3463968515384828       -2.2801521141231884     
  0.63621920955712330       -1.2181685799633892       -2.0570725879999148     
  0.63621920955712330       -1.0899403083882957       -1.8356559723981662     
  0.63621920955712330      -0.96171203681320216       -1.6157877722055944     
  0.63621920955712330      -0.83348376523810863       -1.3973328392878395     
  0.63621920955712330      -0.70525549366301510       -1.1801380145588001     
  0.63621920955712330      -0.57702722208792157      -0.96403474676203638     
  0.63621920955712330      -0.44879895051282759      -0.74884165355829224     
  0.63621920955712330      -0.32057067893773405      -0.53436700646480673     
  0.63621920955712330      -0.19234240736264052      -0.32041113490293605     
  0.63621920955712330       -6.4114135787546989E-002 -0.10676875583796211     
  0.63621920955712330        6.4114135787546545E-002  0.10676875583796137     
  0.63621920955712330       0.19234240736264008       0.32041113490293532     
  0.63621920955712330       0.32057067893773361       0.53436700646480606     
  0.63621920955712330       0.44879895051282759       0.74884165355829224     
  0.63621920955712330       0.57702722208792112       0.96403474676203560     
  0.63621920955712330       0.70525549366301465        1.1801380145587994     
  0.63621920955712330       0.83348376523810819        1.3973328392878390     
  0.63621920955712330       0.96171203681320172        1.6157877722055936     
  0.63621920955712330        1.0899403083882957        1.8356559723981662     
  0.63621920955712330        1.2181685799633888        2.0570725879999139     
  0.63621920955712330        1.3463968515384828        2.2801521141231884     
  0.63621920955712330        1.4746251231135759        2.5049857796064026     
  0.63621920955712330        1.6028533946886698        2.7316390333340830     
  0.63621920955712330        1.7310816662637629        2.9601492192909298     
  0.63621920955712330        1.8593099378388569        3.1905235461081549     
  0.63621920955712330        1.9875382094139500        3.4227374697191069     
  0.63621920955712330        2.1157664809890440        3.6567336147102045     
  0.63621920955712330        2.2439947525641379        3.8924213588654237     
  0.63621920955712330        2.3722230241392310        4.1296771943811921     
  0.63621920955712330        2.5004512957143250        4.3683459570490424     
  0.63621920955712330        2.6286795672894181        4.6082429811682726     
  0.63621920955712330        2.7569078388645121        4.8491571941932392     
  0.63621920955712330        2.8851361104396052        5.0908551137539355     
  0.63621920955712330        3.0133643820146991        5.3330856547277516     
  0.63621920955712330        3.1415926535897931        5.5755856005432474     


  0.64782204986582759       -3.1415926535897931       -5.5830744161894001     
  0.64782204986582759       -3.0133643820146996       -5.3399665617421279     
  0.64782204986582759       -2.8851361104396060       -5.0971340462312078     
  0.64782204986582759       -2.7569078388645125       -4.8548458489842767     
  0.64782204986582759       -2.6286795672894190       -4.6133584845910827     
  0.64782204986582759       -2.5004512957143250       -4.3729103875203847     
  0.64782204986582759       -2.3722230241392315       -4.1337169856458438     
  0.64782204986582759       -2.2439947525641379       -3.8959666130907689     
  0.64782204986582759       -2.1157664809890444       -3.6598173568470749     
  0.64782204986582759       -1.9875382094139509       -3.4253948742625329     
  0.64782204986582759       -1.8593099378388573       -3.1927911650370526     
  0.64782204986582759       -1.7310816662637636       -2.9620642360152538     
  0.64782204986582759       -1.6028533946886701       -2.7332385625101185     
  0.64782204986582759       -1.4746251231135765       -2.5063062272739645     
  0.64782204986582759       -1.3463968515384828       -2.2812286072818204     
  0.64782204986582759       -1.2181685799633892       -2.0579384778721250     
  0.64782204986582759       -1.0899403083882957       -1.8363424114937901     
  0.64782204986582759      -0.96171203681320216       -1.6163233620451392     
  0.64782204986582759      -0.83348376523810863       -1.3977433432997974     
  0.64782204986582759      -0.70525549366301510       -1.1804461291925925     
  0.64782204986582759      -0.57702722208792157      -0.96425992315839348     
  0.64782204986582759      -0.44879895051282759      -0.74899996206967923     
  0.64782204986582759      -0.32057067893773405      -0.53447103679029351     
  0.64782204986582759      -0.19234240736264052      -0.32046992547186309     
  0.64782204986582759       -6.4114135787546989E-002 -0.10678774723717760     
  0.64782204986582759        6.4114135787546545E-002  0.10678774723717686     
  0.64782204986582759       0.19234240736264008       0.32046992547186237     
  0.64782204986582759       0.32057067893773361       0.53447103679029284     
  0.64782204986582759       0.44879895051282759       0.74899996206967923     
  0.64782204986582759       0.57702722208792112       0.96425992315839282     
  0.64782204986582759       0.70525549366301465        1.1804461291925921     
  0.64782204986582759       0.83348376523810819        1.3977433432997968     
  0.64782204986582759       0.96171203681320172        1.6163233620451387     
  0.64782204986582759        1.0899403083882957        1.8363424114937901     
  0.64782204986582759        1.2181685799633888        2.0579384778721246     
  0.64782204986582759        1.3463968515384828        2.2812286072818204     
  0.64782204986582759        1.4746251231135759        2.5063062272739627     
  0.64782204986582759        1.6028533946886698        2.7332385625101181     
  0.64782204986582759        1.7310816662637629        2.9620642360152534     
  0.64782204986582759        1.8593099378388569        3.1927911650370517     
  0.64782204986582759        1.9875382094139500        3.4253948742625315     
  0.64782204986582759        2.1157664809890440        3.6598173568470731     
  0.64782204986582759        2.2439947525641379        3.8959666130907689     
  0.64782204986582759        2.3722230241392310        4.1337169856458429     
  0.64782204986582759        2.5004512957143250        4.3729103875203847     
  0.64782204986582759        2.6286795672894181        4.6133584845910809     
  0.64782204986582759        2.7569078388645121        4.8548458489842767     
  0.64782204986582759        2.8851361104396052        5.0971340462312069     
  0.64782204986582759        3.0133643820146991        5.3399665617421270     
  0.64782204986582759        3.1415926535897931        5.5830744161894001     


  0.65923417438662524       -3.1415926535897931       -5.5905721603442062     
  0.65923417438662524       -3.0133643820146996       -5.3468595356592488     
  0.65923417438662524       -2.8851361104396060       -5.1034281325077542     
  0.65923417438662524       -2.7569078388645125       -4.8605526416686775     
  0.65923417438662524       -2.6286795672894190       -4.6184949563667770     
  0.65923417438662524       -2.5004512957143250       -4.3774984132476424     
  0.65923417438662524       -2.3722230241392315       -4.1377827471349660     
  0.65923417438662524       -2.2439947525641379       -3.8995399145716454     
  0.65923417438662524       -2.1157664809890444       -3.6629308826969202     
  0.65923417438662524       -1.9875382094139509       -3.4280834202203683     
  0.65923417438662524       -1.8593099378388573       -3.1950908716952582     
  0.65923417438662524       -1.7310816662637636       -2.9640118493407583     
  0.65923417438662524       -1.6028533946886701       -2.7348707411015933     
  0.65923417438662524       -1.4746251231135765       -2.5076589105943694     
  0.65923417438662524       -1.3463968515384828       -2.2823364537322530     
  0.65923417438662524       -1.2181685799633892       -2.0588343766911974     
  0.65923417438662524       -1.0899403083882957       -1.8370570683417080     
  0.65923417438662524      -0.96171203681320216       -1.6168849549007003     
  0.65923417438662524      -0.83348376523810863       -1.3981772429916348     
  0.65923417438662524      -0.70525549366301510       -1.1807746774533046     
  0.65923417438662524      -0.57702722208792157      -0.96450226043066256     
  0.65923417438662524      -0.44879895051282759      -0.74917189728056177     
  0.65923417438662524      -0.32057067893773405      -0.53458495181139332     
  0.65923417438662524      -0.19234240736264052      -0.32053470787528021     
  0.65923417438662524       -6.4114135787546989E-002 -0.10680874613221499     
  0.65923417438662524        6.4114135787546545E-002  0.10680874613221425     
  0.65923417438662524       0.19234240736264008       0.32053470787527949     
  0.65923417438662524       0.32057067893773361       0.53458495181139254     
  0.65923417438662524       0.44879895051282759       0.74917189728056177     
  0.65923417438662524       0.57702722208792112       0.96450226043066201     
  0.65923417438662524       0.70525549366301465        1.1807746774533039     
  0.65923417438662524       0.83348376523810819        1.3981772429916344     
  0.65923417438662524       0.96171203681320172        1.6168849549006992     
  0.65923417438662524        1.0899403083882957        1.8370570683417080     
  0.65923417438662524        1.2181685799633888        2.0588343766911961     
  0.65923417438662524        1.3463968515384828        2.2823364537322530     
  0.65923417438662524        1.4746251231135759        2.5076589105943681     
  0.65923417438662524        1.6028533946886698        2.7348707411015929     
  0.65923417438662524        1.7310816662637629        2.9640118493407570     
  0.65923417438662524        1.8593099378388569        3.1950908716952573     
  0.65923417438662524        1.9875382094139500        3.4280834202203665     
  0.65923417438662524        2.1157664809890440        3.6629308826969185     
  0.65923417438662524        2.2439947525641379        3.8995399145716454     
  0.65923417438662524        2.3722230241392310        4.1377827471349651     
  0.65923417438662524        2.5004512957143250        4.3774984132476424     
  0.65923417438662524        2.6286795672894181        4.6184949563667761     
  0.65923417438662524        2.7569078388645121        4.8605526416686766     
  0.65923417438662524        2.8851361104396052        5.1034281325077524     
  0.65923417438662524        3.0133643820146991        5.3468595356592479     
  0.65923417438662524        3.1415926535897931        5.5905721603442062     


  0.67046714165211685       -3.1415926535897931       -5.5980800596186713     
  0.67046714165211685       -3.0133643820146996       -5.3537654994032779     
  0.67046714165211685       -2.8851361104396060       -5.1097379961421945     
  0.67046714165211685       -2.7569078388645125       -4.8662779049996621     
  0.67046714165211685       -2.6286795672894190       -4.6236524510797388     
  0.67046714165211685       -2.5004512957143250       -4.3821098271215959     
  0.67046714165211685       -2.3722230241392315       -4.1418740300531720     
  0.67046714165211685       -2.2439947525641379       -3.9031405959987584     
  0.67046714165211685       -2.1157664809890444       -3.6660733323542152     
  0.67046714165211685       -1.9875382094139509       -3.4308020832918111     
  0.67046714165211685       -1.8593099378388573       -3.1974215073756964     
  0.67046714165211685       -1.7310816662637636       -2.9659907974125956     
  0.67046714165211685       -1.6028533946886701       -2.7365342361017322     
  0.67046714165211685       -1.4746251231135765       -2.5090424576060033     
  0.67046714165211685       -1.3463968515384828       -2.2834742744256715     
  0.67046714165211685       -1.2181685799633892       -2.0597589293429501     
  0.67046714165211685       -1.0899403083882957       -1.8377986414446073     
  0.67046714165211685      -0.96171203681320216       -1.6174713307706583     
  0.67046714165211685      -0.83348376523810863       -1.3986334255053803     
  0.67046714165211685      -0.70525549366301510       -1.1811226766578369     
  0.67046714165211685      -0.57702722208792157      -0.96476092614502162     
  0.67046714165211685      -0.44879895051282759      -0.74935679383271570     
  0.67046714165211685      -0.32057067893773405      -0.53470826658346415     
  0.67046714165211685      -0.19234240736264052      -0.32060518724392734     
  0.67046714165211685       -6.4114135787546989E-002 -0.10683165358020980     
  0.67046714165211685        6.4114135787546545E-002  0.10683165358020907     
  0.67046714165211685       0.19234240736264008       0.32060518724392661     
  0.67046714165211685       0.32057067893773361       0.53470826658346349     
  0.67046714165211685       0.44879895051282759       0.74935679383271570     
  0.67046714165211685       0.57702722208792112       0.96476092614502085     
  0.67046714165211685       0.70525549366301465        1.1811226766578364     
  0.67046714165211685       0.83348376523810819        1.3986334255053794     
  0.67046714165211685       0.96171203681320172        1.6174713307706579     
  0.67046714165211685        1.0899403083882957        1.8377986414446073     
  0.67046714165211685        1.2181685799633888        2.0597589293429497     
  0.67046714165211685        1.3463968515384828        2.2834742744256715     
  0.67046714165211685        1.4746251231135759        2.5090424576060024     
  0.67046714165211685        1.6028533946886698        2.7365342361017317     
  0.67046714165211685        1.7310816662637629        2.9659907974125952     
  0.67046714165211685        1.8593099378388569        3.1974215073756960     
  0.67046714165211685        1.9875382094139500        3.4308020832918094     
  0.67046714165211685        2.1157664809890440        3.6660733323542143     
  0.67046714165211685        2.2439947525641379        3.9031405959987584     
  0.67046714165211685        2.3722230241392310        4.1418740300531711     
  0.67046714165211685        2.5004512957143250        4.3821098271215959     
  0.67046714165211685        2.6286795672894181        4.6236524510797379     
  0.67046714165211685        2.7569078388645121        4.8662779049996612     
  0.67046714165211685        2.8851361104396052        5.1097379961421918     
  0.67046714165211685        3.0133643820146991        5.3537654994032771     
  0.67046714165211685        3.1415926535897931        5.5980800596186713     


  0.68152865735070234       -3.1415926535897931       -5.6055973240555952     
  0.68152865735070234       -3.0133643820146996       -5.3606835387158371     
  0.68152865735070234       -2.8851361104396060       -5.1160626010406416     
  0.68152865735070234       -2.7569078388645125       -4.8720204859470648     
  0.68152865735070234       -2.6286795672894190       -4.6288297060319641     
  0.68152865735070234       -2.5004512957143250       -4.3867432663172226     
  0.68152865735070234       -2.3722230241392315       -4.1459893831319841     
  0.68152865735070234       -2.2439947525641379       -3.9067671313238557     
  0.68152865735070234       -2.1157664809890444       -3.6692431204390950     
  0.68152865735070234       -1.9875382094139509       -3.4335492357700228     
  0.68152865735070234       -1.8593099378388573       -3.1997814203467696     
  0.68152865735070234       -1.7310816662637636       -2.9679994237869689     
  0.68152865735070234       -1.6028533946886701       -2.7382274063658083     
  0.68152865735070234       -1.4746251231135765       -2.5104552628423318     
  0.68152865735070234       -1.3463968515384828       -2.2846405199769650     
  0.68152865735070234       -1.2181685799633892       -2.0607106626015961     
  0.68152865735070234       -1.0899403083882957       -1.8385657531410897     
  0.68152865735070234      -0.96171203681320216       -1.6180812259523560     
  0.68152865735070234      -0.83348376523810863       -1.3991107581597908     
  0.68152865735070234      -0.70525549366301510       -1.1814891405800028     
  0.68152865735070234      -0.57702722208792157      -0.96503509406693966     
  0.68152865735070234      -0.44879895051282759      -0.74955399688900504     
  0.68152865735070234      -0.32057067893773405      -0.53484050674578365     
  0.68152865735070234      -0.19234240736264052      -0.32068107629081383     
  0.68152865735070234       -6.4114135787546989E-002 -0.10685637337147257     
  0.68152865735070234        6.4114135787546545E-002  0.10685637337147183     
  0.68152865735070234       0.19234240736264008       0.32068107629081305     
  0.68152865735070234       0.32057067893773361       0.53484050674578310     
  0.68152865735070234       0.44879895051282759       0.74955399688900504     
  0.68152865735070234       0.57702722208792112       0.96503509406693899     
  0.68152865735070234       0.70525549366301465        1.1814891405800021     
  0.68152865735070234       0.83348376523810819        1.3991107581597904     
  0.68152865735070234       0.96171203681320172        1.6180812259523549     
  0.68152865735070234        1.0899403083882957        1.8385657531410897     
  0.68152865735070234        1.2181685799633888        2.0607106626015947     
  0.68152865735070234        1.3463968515384828        2.2846405199769650     
  0.68152865735070234        1.4746251231135759        2.5104552628423309     
  0.68152865735070234        1.6028533946886698        2.7382274063658074     
  0.68152865735070234        1.7310816662637629        2.9679994237869676     
  0.68152865735070234        1.8593099378388569        3.1997814203467687     
  0.68152865735070234        1.9875382094139500        3.4335492357700206     
  0.68152865735070234        2.1157664809890440        3.6692431204390941     
  0.68152865735070234        2.2439947525641379        3.9067671313238557     
  0.68152865735070234        2.3722230241392310        4.1459893831319823     
  0.68152865735070234        2.5004512957143250        4.3867432663172226     
  0.68152865735070234        2.6286795672894181        4.6288297060319623     
  0.68152865735070234        2.7569078388645121        4.8720204859470639     
  0.68152865735070234        2.8851361104396052        5.1160626010406398     
  0.68152865735070234        3.0133643820146991        5.3606835387158362     
  0.68152865735070234        3.1415926535897931        5.6055973240555952     


  0.69242739038183210       -3.1415926535897931       -5.6131242683201634     
  0.69242739038183210       -3.0133643820146996       -5.3676137701277833     
  0.69242739038183210       -2.8851361104396060       -5.1224018686829549     
  0.69242739038183210       -2.7569078388645125       -4.8777801170529411     
  0.69242739038183210       -2.6286795672894190       -4.6340262738650679     
  0.69242739038183210       -2.5004512957143250       -4.3913981153816559     
  0.69242739038183210       -2.3722230241392315       -4.1501280371964118     
  0.69242739038183210       -2.2439947525641379       -3.9104186143436932     
  0.69242739038183210       -2.1157664809890444       -3.6724392224523488     
  0.69242739038183210       -1.9875382094139509       -3.4363237553141390     
  0.69242739038183210       -1.8593099378388573       -3.2021694122579110     
  0.69242739038183210       -1.7310816662637636       -2.9700364769466487     
  0.69242739038183210       -1.6028533946886701       -2.7399489706816178     
  0.69242739038183210       -1.4746251231135765       -2.5118960391049057     
  0.69242739038183210       -1.3463968515384828       -2.2858339207534755     
  0.69242739038183210       -1.2181685799633892       -2.0616883474069234     
  0.69242739038183210       -1.0899403083882957       -1.8393572370280067     
  0.69242739038183210      -0.96171203681320216       -1.6187135575042626     
  0.69242739038183210      -0.83348376523810863       -1.3996082606660163     
  0.69242739038183210      -0.70525549366301510       -1.1818732088574633     
  0.69242739038183210      -0.57702722208792157      -0.96532403884740237     
  0.69242739038183210      -0.44879895051282759      -0.74976292878096484     
  0.69242739038183210      -0.32057067893773405      -0.53498125236522820     
  0.69242739038183210      -0.19234240736264052      -0.32076212010909672     
  0.69242739038183210       -6.4114135787546989E-002 -0.10688282004370586     
  0.69242739038183210        6.4114135787546545E-002  0.10688282004370511     
  0.69242739038183210       0.19234240736264008       0.32076212010909599     
  0.69242739038183210       0.32057067893773361       0.53498125236522742     
  0.69242739038183210       0.44879895051282759       0.74976292878096484     
  0.69242739038183210       0.57702722208792112       0.96532403884740170     
  0.69242739038183210       0.70525549366301465        1.1818732088574628     
  0.69242739038183210       0.83348376523810819        1.3996082606660152     
  0.69242739038183210       0.96171203681320172        1.6187135575042617     
  0.69242739038183210        1.0899403083882957        1.8393572370280067     
  0.69242739038183210        1.2181685799633888        2.0616883474069225     
  0.69242739038183210        1.3463968515384828        2.2858339207534755     
  0.69242739038183210        1.4746251231135759        2.5118960391049039     
  0.69242739038183210        1.6028533946886698        2.7399489706816178     
  0.69242739038183210        1.7310816662637629        2.9700364769466470     
  0.69242739038183210        1.8593099378388569        3.2021694122579101     
  0.69242739038183210        1.9875382094139500        3.4363237553141373     
  0.69242739038183210        2.1157664809890440        3.6724392224523479     
  0.69242739038183210        2.2439947525641379        3.9104186143436932     
  0.69242739038183210        2.3722230241392310        4.1501280371964109     
  0.69242739038183210        2.5004512957143250        4.3913981153816559     
  0.69242739038183210        2.6286795672894181        4.6340262738650670     
  0.69242739038183210        2.7569078388645121        4.8777801170529402     
  0.69242739038183210        2.8851361104396052        5.1224018686829531     
  0.69242739038183210        3.0133643820146991        5.3676137701277824     
  0.69242739038183210        3.1415926535897931        5.6131242683201634     


  0.70317008322285668       -3.1415926535897931       -5.6206603080370723     
  0.70317008322285668       -3.0133643820146996       -5.3745554957170265     
  0.70317008322285668       -2.8851361104396060       -5.1287549897793312     
  0.70317008322285668       -2.7569078388645125       -4.8835558819882943     
  0.70317008322285668       -2.6286795672894190       -4.6392411376295959     
  0.70317008322285668       -2.5004512957143250       -4.3960732651651853     
  0.70317008322285668       -2.3722230241392315       -4.1542888011999812     
  0.70317008322285668       -2.2439947525641379       -3.9140937841544163     
  0.70317008322285668       -2.1157664809890444       -3.6756603212318093     
  0.70317008322285668       -1.9875382094139509       -3.4391242834582747     
  0.70317008322285668       -1.8593099378388573       -3.2045840994191108     
  0.70317008322285668       -1.7310816662637636       -2.9721005649276502     
  0.70317008322285668       -1.6028533946886701       -2.7416975463570821     
  0.70317008322285668       -1.4746251231135765       -2.5133634308245756     
  0.70317008322285668       -1.3463968515384828       -2.2870531661643607     
  0.70317008322285668       -1.2181685799633892       -2.0626907357013473     
  0.70317008322285668       -1.0899403083882957       -1.8401719245333970     
  0.70317008322285668      -0.96171203681320216       -1.6193672523968456     
  0.70317008322285668      -0.83348376523810863       -1.4001249704206264     
  0.70317008322285668      -0.70525549366301510       -1.1822740427668901     
  0.70317008322285668      -0.57702722208792157      -0.96562705743679611     
  0.70317008322285668      -0.44879895051282759      -0.74998303206503980     
  0.70317008322285668      -0.32057067893773405      -0.53513009950739687     
  0.70317008322285668      -0.19234240736264052      -0.32084807401465137     
  0.70317008322285668       -6.4114135787546989E-002 -0.10691091164635073     
  0.70317008322285668        6.4114135787546545E-002  0.10691091164634998     
  0.70317008322285668       0.19234240736264008       0.32084807401465065     
  0.70317008322285668       0.32057067893773361       0.53513009950739610     
  0.70317008322285668       0.44879895051282759       0.74998303206503980     
  0.70317008322285668       0.57702722208792112       0.96562705743679533     
  0.70317008322285668       0.70525549366301465        1.1822740427668892     
  0.70317008322285668       0.83348376523810819        1.4001249704206258     
  0.70317008322285668       0.96171203681320172        1.6193672523968448     
  0.70317008322285668        1.0899403083882957        1.8401719245333970     
  0.70317008322285668        1.2181685799633888        2.0626907357013464     
  0.70317008322285668        1.3463968515384828        2.2870531661643607     
  0.70317008322285668        1.4746251231135759        2.5133634308245738     
  0.70317008322285668        1.6028533946886698        2.7416975463570816     
  0.70317008322285668        1.7310816662637629        2.9721005649276488     
  0.70317008322285668        1.8593099378388569        3.2045840994191099     
  0.70317008322285668        1.9875382094139500        3.4391242834582734     
  0.70317008322285668        2.1157664809890440        3.6756603212318084     
  0.70317008322285668        2.2439947525641379        3.9140937841544163     
  0.70317008322285668        2.3722230241392310        4.1542888011999803     
  0.70317008322285668        2.5004512957143250        4.3960732651651853     
  0.70317008322285668        2.6286795672894181        4.6392411376295950     
  0.70317008322285668        2.7569078388645121        4.8835558819882934     
  0.70317008322285668        2.8851361104396052        5.1287549897793294     
  0.70317008322285668        3.0133643820146991        5.3745554957170265     
  0.70317008322285668        3.1415926535897931        5.6206603080370723     


  0.71376444156217589       -3.1415926535897931       -5.6282059168490965     
  0.71376444156217589       -3.0133643820146996       -5.3815090037917104     
  0.71376444156217589       -2.8851361104396060       -5.1351220700932068     
  0.71376444156217589       -2.7569078388645125       -4.8893477095011058     
  0.71376444156217589       -2.6286795672894190       -4.6444740572268532     
  0.71376444156217589       -2.5004512957143250       -4.4007683173843493     
  0.71376444156217589       -2.3722230241392315       -4.1584711316401117     
  0.71376444156217589       -2.2439947525641379       -3.9177919670756207     
  0.71376444156217589       -2.1157664809890444       -3.6789056297741545     
  0.71376444156217589       -1.9875382094139509       -3.4419499382537788     
  0.71376444156217589       -1.8593099378388573       -3.2070245245221498     
  0.71376444156217589       -1.7310816662637636       -2.9741906755236176     
  0.71376444156217589       -1.6028533946886701       -2.7434720872801432     
  0.71376444156217589       -1.4746251231135765       -2.5148563791562721     
  0.71376444156217589       -1.3463968515384828       -2.2882972056338766     
  0.71376444156217589       -1.2181685799633892       -2.0637168056661719     
  0.71376444156217589       -1.0899403083882957       -1.8410088422367965     
  0.71376444156217589      -0.96171203681320216       -1.6200414040884612     
  0.71376444156217589      -0.83348376523810863       -1.4006600647895384     
  0.71376444156217589      -0.70525549366301510       -1.1826909188943724     
  0.71376444156217589      -0.57702722208792157      -0.96594353900392915     
  0.71376444156217589      -0.44879895051282759      -0.75021381970420309     
  0.71376444156217589      -0.32057067893773405      -0.53528669382350580     
  0.71376444156217589      -0.19234240736264052      -0.32093872279338526     
  0.71376444156217589       -6.4114135787546989E-002 -0.10694057600536297     
  0.71376444156217589        6.4114135787546545E-002  0.10694057600536222     
  0.71376444156217589       0.19234240736264008       0.32093872279338453     
  0.71376444156217589       0.32057067893773361       0.53528669382350513     
  0.71376444156217589       0.44879895051282759       0.75021381970420309     
  0.71376444156217589       0.57702722208792112       0.96594353900392838     
  0.71376444156217589       0.70525549366301465        1.1826909188943715     
  0.71376444156217589       0.83348376523810819        1.4006600647895378     
  0.71376444156217589       0.96171203681320172        1.6200414040884601     
  0.71376444156217589        1.0899403083882957        1.8410088422367965     
  0.71376444156217589        1.2181685799633888        2.0637168056661710     
  0.71376444156217589        1.3463968515384828        2.2882972056338766     
  0.71376444156217589        1.4746251231135759        2.5148563791562704     
  0.71376444156217589        1.6028533946886698        2.7434720872801428     
  0.71376444156217589        1.7310816662637629        2.9741906755236167     
  0.71376444156217589        1.8593099378388569        3.2070245245221489     
  0.71376444156217589        1.9875382094139500        3.4419499382537766     
  0.71376444156217589        2.1157664809890440        3.6789056297741536     
  0.71376444156217589        2.2439947525641379        3.9177919670756207     
  0.71376444156217589        2.3722230241392310        4.1584711316401100     
  0.71376444156217589        2.5004512957143250        4.4007683173843493     
  0.71376444156217589        2.6286795672894181        4.6444740572268515     
  0.71376444156217589        2.7569078388645121        4.8893477095011058     
  0.71376444156217589        2.8851361104396052        5.1351220700932050     
  0.71376444156217589        3.0133643820146991        5.3815090037917095     
  0.71376444156217589        3.1415926535897931        5.6282059168490965     


  0.72421720787714006       -3.1415926535897931       -5.6357612641195365     
  0.72421720787714006       -3.0133643820146996       -5.3884743135678166     
  0.72421720787714006       -2.8851361104396060       -5.1415029810705626     
  0.72421720787714006       -2.7569078388645125       -4.8951553279810582     
  0.72421720787714006       -2.6286795672894190       -4.6497246249594335     
  0.72421720787714006       -2.5004512957143250       -4.4054827373603711     
  0.72421720787714006       -2.3722230241392315       -4.1626743779442812     
  0.72421720787714006       -2.2439947525641379       -3.9215124095233205     
  0.72421720787714006       -2.1157664809890444       -3.6821743059442857     
  0.72421720787714006       -1.9875382094139509       -3.4447998048105228     
  0.72421720787714006       -1.8593099378388573       -3.2094897167894878     
  0.72421720787714006       -1.7310816662637636       -2.9763057997269047     
  0.72421720787714006       -1.6028533946886701       -2.7452715643652841     
  0.72421720787714006       -1.4746251231135765       -2.5163738532811863     
  0.72421720787714006       -1.3463968515384828       -2.2895650248418717     
  0.72421720787714006       -1.2181685799633892       -2.0647655772975053     
  0.72421720787714006       -1.0899403083882957       -1.8418670615609058     
  0.72421720787714006      -0.96171203681320216       -1.6207351515526427     
  0.72421720787714006      -0.83348376523810863       -1.4012127651753064     
  0.72421720787714006      -0.70525549366301510       -1.1831231544666598     
  0.72421720787714006      -0.57702722208792157      -0.96627290830133872     
  0.72421720787714006      -0.44879895051282759      -0.75045483380326239     
  0.72421720787714006      -0.32057067893773405      -0.53545070257147553     
  0.72421720787714006      -0.19234240736264052      -0.32103386451336885     
  0.72421720787714006       -6.4114135787546989E-002 -0.10697174542727869     
  0.72421720787714006        6.4114135787546545E-002  0.10697174542727794     
  0.72421720787714006       0.19234240736264008       0.32103386451336813     
  0.72421720787714006       0.32057067893773361       0.53545070257147476     
  0.72421720787714006       0.44879895051282759       0.75045483380326239     
  0.72421720787714006       0.57702722208792112       0.96627290830133783     
  0.72421720787714006       0.70525549366301465        1.1831231544666589     
  0.72421720787714006       0.83348376523810819        1.4012127651753057     
  0.72421720787714006       0.96171203681320172        1.6207351515526420     
  0.72421720787714006        1.0899403083882957        1.8418670615609058     
  0.72421720787714006        1.2181685799633888        2.0647655772975053     
  0.72421720787714006        1.3463968515384828        2.2895650248418717     
  0.72421720787714006        1.4746251231135759        2.5163738532811846     
  0.72421720787714006        1.6028533946886698        2.7452715643652836     
  0.72421720787714006        1.7310816662637629        2.9763057997269033     
  0.72421720787714006        1.8593099378388569        3.2094897167894869     
  0.72421720787714006        1.9875382094139500        3.4447998048105215     
  0.72421720787714006        2.1157664809890440        3.6821743059442849     
  0.72421720787714006        2.2439947525641379        3.9215124095233205     
  0.72421720787714006        2.3722230241392310        4.1626743779442803     
  0.72421720787714006        2.5004512957143250        4.4054827373603711     
  0.72421720787714006        2.6286795672894181        4.6497246249594317     
  0.72421720787714006        2.7569078388645121        4.8951553279810573     
  0.72421720787714006        2.8851361104396052        5.1415029810705608     
  0.72421720787714006        3.0133643820146991        5.3884743135678148     
  0.72421720787714006        3.1415926535897931        5.6357612641195365     


  0.73453416143404970       -3.1415926535897931       -5.6433261537796362     
  0.73453416143404970       -3.0133643820146996       -5.3954511170872514     
  0.73453416143404970       -2.8851361104396060       -5.1478973048099332     
  0.73453416143404970       -2.7569078388645125       -4.9009782134450548     
  0.73453416143404970       -2.6286795672894190       -4.6549922164802222     
  0.73453416143404970       -2.5004512957143250       -4.4102158078668561     
  0.73453416143404970       -2.3722230241392315       -4.1668977391422546     
  0.73453416143404970       -2.2439947525641379       -3.9252542374268744     
  0.73453416143404970       -2.1157664809890444       -3.6854654145551837     
  0.73453416143404970       -1.9875382094139509       -3.4476728999594530     
  0.73453416143404970       -1.8593099378388573       -3.2119786591437887     
  0.73453416143404970       -1.7310816662637636       -2.9784449013363465     
  0.73453416143404970       -1.6028533946886701       -2.7470949375395466     
  0.73453416143404970       -1.4746251231135765       -2.5179148247207923     
  0.73453416143404970       -1.3463968515384828       -2.2908556223257142     
  0.73453416143404970       -1.2181685799633892       -2.0658360912658762     
  0.73453416143404970       -1.0899403083882957       -1.8427456798678303     
  0.73453416143404970      -0.96171203681320216       -1.6214476625979029     
  0.73453416143404970      -0.83348376523810863       -1.4017823225540225     
  0.73453416143404970      -0.70525549366301510       -1.1835700951037511     
  0.73453416143404970      -0.57702722208792157      -0.96661461563563744     
  0.73453416143404970      -0.44879895051282759      -0.75070563780100330     
  0.73453416143404970      -0.32057067893773405      -0.53562180903454171     
  0.73453416143404970      -0.19234240736264052      -0.32113330717408994     
  0.73453416143404970       -6.4114135787546989E-002 -0.10700435558196257     
  0.73453416143404970        6.4114135787546545E-002  0.10700435558196181     
  0.73453416143404970       0.19234240736264008       0.32113330717408911     
  0.73453416143404970       0.32057067893773361       0.53562180903454093     
  0.73453416143404970       0.44879895051282759       0.75070563780100330     
  0.73453416143404970       0.57702722208792112       0.96661461563563689     
  0.73453416143404970       0.70525549366301465        1.1835700951037504     
  0.73453416143404970       0.83348376523810819        1.4017823225540218     
  0.73453416143404970       0.96171203681320172        1.6214476625979020     
  0.73453416143404970        1.0899403083882957        1.8427456798678303     
  0.73453416143404970        1.2181685799633888        2.0658360912658753     
  0.73453416143404970        1.3463968515384828        2.2908556223257142     
  0.73453416143404970        1.4746251231135759        2.5179148247207910     
  0.73453416143404970        1.6028533946886698        2.7470949375395461     
  0.73453416143404970        1.7310816662637629        2.9784449013363452     
  0.73453416143404970        1.8593099378388569        3.2119786591437869     
  0.73453416143404970        1.9875382094139500        3.4476728999594513     
  0.73453416143404970        2.1157664809890440        3.6854654145551828     
  0.73453416143404970        2.2439947525641379        3.9252542374268744     
  0.73453416143404970        2.3722230241392310        4.1668977391422537     
  0.73453416143404970        2.5004512957143250        4.4102158078668561     
  0.73453416143404970        2.6286795672894181        4.6549922164802204     
  0.73453416143404970        2.7569078388645121        4.9009782134450539     
  0.73453416143404970        2.8851361104396052        5.1478973048099315     
  0.73453416143404970        3.0133643820146991        5.3954511170872514     
  0.73453416143404970        3.1415926535897931        5.6433261537796362     


  0.74472108149920468       -3.1415926535897931       -5.6509006867654961     
  0.74472108149920468       -3.0133643820146996       -5.4024393889319091     
  0.74472108149920468       -2.8851361104396060       -5.1543048915640872     
  0.74472108149920468       -2.7569078388645125       -4.9068160958322169     
  0.74472108149920468       -2.6286795672894190       -4.6602764473520208     
  0.74472108149920468       -2.5004512957143250       -4.4149670378486663     
  0.74472108149920468       -2.3722230241392315       -4.1711406270094580     
  0.74472108149920468       -2.2439947525641379       -3.9290167763723369     
  0.74472108149920468       -2.1157664809890444       -3.6887782073316711     
  0.74472108149920468       -1.9875382094139509       -3.4505684150349367     
  0.74472108149920468       -1.8593099378388573       -3.2144904969181143     
  0.74472108149920468       -1.7310816662637636       -2.9806070947516266     
  0.74472108149920468       -1.6028533946886701       -2.7489413057649128     
  0.74472108149920468       -1.4746251231135765       -2.5194783926646549     
  0.74472108149920468       -1.3463968515384828       -2.2921681130768206     
  0.74472108149920468       -1.2181685799633892       -2.0669274935895570     
  0.74472108149920468       -1.0899403083882957       -1.8436438888274242     
  0.74472108149920468      -0.96171203681320216       -1.6221781883309152     
  0.74472108149920468      -0.83348376523810863       -1.4023680601917738     
  0.74472108149920468      -0.70525549366301510       -1.1840311476875769     
  0.74472108149920468      -0.57702722208792157      -0.96696816151396847     
  0.74472108149920468      -0.44879895051282759      -0.75096583423613050     
  0.74472108149920468      -0.32057067893773405      -0.53579972445697899     
  0.74472108149920468      -0.19234240736264052      -0.32123687556555236     
  0.74472108149920468       -6.4114135787546989E-002 -0.10703834773852307     
  0.74472108149920468        6.4114135787546545E-002  0.10703834773852233     
  0.74472108149920468       0.19234240736264008       0.32123687556555164     
  0.74472108149920468       0.32057067893773361       0.53579972445697832     
  0.74472108149920468       0.44879895051282759       0.75096583423613050     
  0.74472108149920468       0.57702722208792112       0.96696816151396769     
  0.74472108149920468       0.70525549366301465        1.1840311476875760     
  0.74472108149920468       0.83348376523810819        1.4023680601917730     
  0.74472108149920468       0.96171203681320172        1.6221781883309141     
  0.74472108149920468        1.0899403083882957        1.8436438888274242     
  0.74472108149920468        1.2181685799633888        2.0669274935895565     
  0.74472108149920468        1.3463968515384828        2.2921681130768206     
  0.74472108149920468        1.4746251231135759        2.5194783926646536     
  0.74472108149920468        1.6028533946886698        2.7489413057649128     
  0.74472108149920468        1.7310816662637629        2.9806070947516252     
  0.74472108149920468        1.8593099378388569        3.2144904969181138     
  0.74472108149920468        1.9875382094139500        3.4505684150349354     
  0.74472108149920468        2.1157664809890440        3.6887782073316702     
  0.74472108149920468        2.2439947525641379        3.9290167763723369     
  0.74472108149920468        2.3722230241392310        4.1711406270094571     
  0.74472108149920468        2.5004512957143250        4.4149670378486663     
  0.74472108149920468        2.6286795672894181        4.6602764473520191     
  0.74472108149920468        2.7569078388645121        4.9068160958322160     
  0.74472108149920468        2.8851361104396052        5.1543048915640863     
  0.74472108149920468        3.0133643820146991        5.4024393889319082     
  0.74472108149920468        3.1415926535897931        5.6509006867654961     


  0.75478374733890541       -3.1415926535897931       -5.6584852532953027     
  0.75478374733890541       -3.0133643820146996       -5.4094393787811015     
  0.75478374733890541       -2.8851361104396060       -5.1607258525780804     
  0.75478374733890541       -2.7569078388645125       -4.9126689521233491     
  0.75478374733890541       -2.6286795672894190       -4.6655771664495704     
  0.75478374733890541       -2.5004512957143250       -4.4197361561079394     
  0.75478374733890541       -2.3722230241392315       -4.1754026600386753     
  0.75478374733890541       -2.2439947525641379       -3.9327995458617404     
  0.75478374733890541       -2.1157664809890444       -3.6921121174594891     
  0.75478374733890541       -1.9875382094139509       -3.4534857107161518     
  0.75478374733890541       -1.8593099378388573       -3.2170245329925220     
  0.75478374733890541       -1.7310816662637636       -2.9827916404084687     
  0.75478374733890541       -1.6028533946886701       -2.7508099027760720     
  0.75478374733890541       -1.4746251231135765       -2.5210637800153726     
  0.75478374733890541       -1.3463968515384828       -2.2935017248980238     
  0.75478374733890541       -1.2181685799633892       -2.0680390323102258     
  0.75478374733890541       -1.0899403083882957       -1.8445609714175872     
  0.75478374733890541      -0.96171203681320216       -1.6229260604881546     
  0.75478374733890541      -0.83348376523810863       -1.4029693713144502     
  0.75478374733890541      -0.70525549366301510       -1.1845057783766679     
  0.75478374733890541      -0.57702722208792157      -0.96733309500982489     
  0.75478374733890541      -0.44879895051282759      -0.75123506346984992     
  0.75478374733890541      -0.32057067893773405      -0.53598418712811557     
  0.75478374733890541      -0.19234240736264052      -0.32134441071723135     
  0.75478374733890541       -6.4114135787546989E-002 -0.10707366858138466     
  0.75478374733890541        6.4114135787546545E-002  0.10707366858138392     
  0.75478374733890541       0.19234240736264008       0.32134441071723063     
  0.75478374733890541       0.32057067893773361       0.53598418712811480     
  0.75478374733890541       0.44879895051282759       0.75123506346984992     
  0.75478374733890541       0.57702722208792112       0.96733309500982434     
  0.75478374733890541       0.70525549366301465        1.1845057783766673     
  0.75478374733890541       0.83348376523810819        1.4029693713144493     
  0.75478374733890541       0.96171203681320172        1.6229260604881539     
  0.75478374733890541        1.0899403083882957        1.8445609714175872     
  0.75478374733890541        1.2181685799633888        2.0680390323102249     
  0.75478374733890541        1.3463968515384828        2.2935017248980238     
  0.75478374733890541        1.4746251231135759        2.5210637800153712     
  0.75478374733890541        1.6028533946886698        2.7508099027760715     
  0.75478374733890541        1.7310816662637629        2.9827916404084678     
  0.75478374733890541        1.8593099378388569        3.2170245329925211     
  0.75478374733890541        1.9875382094139500        3.4534857107161501     
  0.75478374733890541        2.1157664809890440        3.6921121174594882     
  0.75478374733890541        2.2439947525641379        3.9327995458617404     
  0.75478374733890541        2.3722230241392310        4.1754026600386744     
  0.75478374733890541        2.5004512957143250        4.4197361561079394     
  0.75478374733890541        2.6286795672894181        4.6655771664495687     
  0.75478374733890541        2.7569078388645121        4.9126689521233482     
  0.75478374733890541        2.8851361104396052        5.1607258525780786     
  0.75478374733890541        3.0133643820146991        5.4094393787811006     
  0.75478374733890541        3.1415926535897931        5.6584852532953027     


  0.76472601179735178       -3.1415926535897931       -5.6660790444733111     
  0.76472601179735178       -3.0133643820146996       -5.4164502367507454     
  0.76472601179735178       -2.8851361104396060       -5.1671592980905041     
  0.76472601179735178       -2.7569078388645125       -4.9185358548914788     
  0.76472601179735178       -2.6286795672894190       -4.6708934119718686     
  0.76472601179735178       -2.5004512957143250       -4.4245221708084905     
  0.76472601179735178       -2.3722230241392315       -4.1796828216995525     
  0.76472601179735178       -2.2439947525641379       -3.9366015109544845     
  0.76472601179735178       -2.1157664809890444       -3.6954660987397827     
  0.76472601179735178       -1.9875382094139509       -3.4564237374744224     
  0.76472601179735178       -1.8593099378388573       -3.2195797231042231     
  0.76472601179735178       -1.7310816662637636       -2.9849975084464262     
  0.76472601179735178       -1.6028533946886701       -2.7526997226493246     
  0.76472601179735178       -1.4746251231135765       -2.5226700145615819     
  0.76472601179735178       -1.3463968515384828       -2.2948555291394737     
  0.76472601179735178       -1.2181685799633892       -2.0691698320879222     
  0.76472601179735178       -1.0899403083882957       -1.8454961150791303     
  0.76472601179735178      -0.96171203681320216       -1.6236905383101927     
  0.76472601179735178      -0.83348376523810863       -1.4035855953619349     
  0.76472601179735178      -0.70525549366301510       -1.1849934144337482     
  0.76472601179735178      -0.57702722208792157      -0.96770893791425605     
  0.76472601179735178      -0.44879895051282759      -0.75151294748449615     
  0.76472601179735178      -0.32057067893773405      -0.53617492373741982     
  0.76472601179735178      -0.19234240736264052      -0.32145574731152671     
  0.76472601179735178       -6.4114135787546989E-002 -0.10711026278158463     
  0.76472601179735178        6.4114135787546545E-002  0.10711026278158388     
  0.76472601179735178       0.19234240736264008       0.32145574731152593     
  0.76472601179735178       0.32057067893773361       0.53617492373741904     
  0.76472601179735178       0.44879895051282759       0.75151294748449615     
  0.76472601179735178       0.57702722208792112       0.96770893791425538     
  0.76472601179735178       0.70525549366301465        1.1849934144337473     
  0.76472601179735178       0.83348376523810819        1.4035855953619343     
  0.76472601179735178       0.96171203681320172        1.6236905383101918     
  0.76472601179735178        1.0899403083882957        1.8454961150791303     
  0.76472601179735178        1.2181685799633888        2.0691698320879213     
  0.76472601179735178        1.3463968515384828        2.2948555291394737     
  0.76472601179735178        1.4746251231135759        2.5226700145615806     
  0.76472601179735178        1.6028533946886698        2.7526997226493242     
  0.76472601179735178        1.7310816662637629        2.9849975084464253     
  0.76472601179735178        1.8593099378388569        3.2195797231042222     
  0.76472601179735178        1.9875382094139500        3.4564237374744207     
  0.76472601179735178        2.1157664809890440        3.6954660987397827     
  0.76472601179735178        2.2439947525641379        3.9366015109544845     
  0.76472601179735178        2.3722230241392310        4.1796828216995516     
  0.76472601179735178        2.5004512957143250        4.4245221708084905     
  0.76472601179735178        2.6286795672894181        4.6708934119718668     
  0.76472601179735178        2.7569078388645121        4.9185358548914779     
  0.76472601179735178        2.8851361104396052        5.1671592980905023     
  0.76472601179735178        3.0133643820146991        5.4164502367507446     
  0.76472601179735178        3.1415926535897931        5.6660790444733111     


  0.77455269092979429       -3.1415926535897931       -5.6736822001278737     
  0.77455269092979429       -3.0133643820146996       -5.4234719948711581     
  0.77455269092979429       -2.8851361104396060       -5.1736051540350960     
  0.77455269092979429       -2.7569078388645125       -4.9244166273465941     
  0.77455269092979429       -2.6286795672894190       -4.6762249093900774     
  0.77455269092979429       -2.5004512957143250       -4.4293247161927320     
  0.77455269092979429       -2.3722230241392315       -4.1839806629285192     
  0.77455269092979429       -2.2439947525641379       -3.9404221484808954     
  0.77455269092979429       -2.1157664809890444       -3.6988395642176419     
  0.77455269092979429       -1.9875382094139509       -3.4593818558374188     
  0.77455269092979429       -1.8593099378388573       -3.2221553872891096     
  0.77455269092979429       -1.7310816662637636       -2.9872239909917933     
  0.77455269092979429       -1.6028533946886701       -2.7546100425299578     
  0.77455269092979429       -1.4746251231135765       -2.5242963715271101     
  0.77455269092979429       -1.3463968515384828       -2.2962288120771497     
  0.77455269092979429       -1.2181685799633892       -2.0703192029240896     
  0.77455269092979429       -1.0899403083882957       -1.8464486657040973     
  0.77455269092979429      -0.96171203681320216       -1.6244710150390373     
  0.77455269092979429      -0.83348376523810863       -1.4042161834958509     
  0.77455269092979429      -0.70525549366301510       -1.1854935744526203     
  0.77455269092979429      -0.57702722208792157      -0.96809528456027327     
  0.77455269092979429      -0.44879895051282759      -0.75179916332604990     
  0.77455269092979429      -0.32057067893773405      -0.53637169957860908     
  0.77455269092979429      -0.19234240736264052      -0.32157074290280696     
  0.77455269092979429       -6.4114135787546989E-002 -0.10714808258574179     
  0.77455269092979429        6.4114135787546545E-002  0.10714808258574106     
  0.77455269092979429       0.19234240736264008       0.32157074290280629     
  0.77455269092979429       0.32057067893773361       0.53637169957860831     
  0.77455269092979429       0.44879895051282759       0.75179916332604990     
  0.77455269092979429       0.57702722208792112       0.96809528456027272     
  0.77455269092979429       0.70525549366301465        1.1854935744526198     
  0.77455269092979429       0.83348376523810819        1.4042161834958498     
  0.77455269092979429       0.96171203681320172        1.6244710150390362     
  0.77455269092979429        1.0899403083882957        1.8464486657040973     
  0.77455269092979429        1.2181685799633888        2.0703192029240887     
  0.77455269092979429        1.3463968515384828        2.2962288120771497     
  0.77455269092979429        1.4746251231135759        2.5242963715271087     
  0.77455269092979429        1.6028533946886698        2.7546100425299573     
  0.77455269092979429        1.7310816662637629        2.9872239909917924     
  0.77455269092979429        1.8593099378388569        3.2221553872891082     
  0.77455269092979429        1.9875382094139500        3.4593818558374165     
  0.77455269092979429        2.1157664809890440        3.6988395642176402     
  0.77455269092979429        2.2439947525641379        3.9404221484808954     
  0.77455269092979429        2.3722230241392310        4.1839806629285183     
  0.77455269092979429        2.5004512957143250        4.4293247161927320     
  0.77455269092979429        2.6286795672894181        4.6762249093900756     
  0.77455269092979429        2.7569078388645121        4.9244166273465932     
  0.77455269092979429        2.8851361104396052        5.1736051540350951     
  0.77455269092979429        3.0133643820146991        5.4234719948711572     
  0.77455269092979429        3.1415926535897931        5.6736822001278737     


  0.78426860079148286       -3.1415926535897931       -5.6812950918310614     
  0.78426860079148286       -3.0133643820146996       -5.4305049054825538     
  0.78426860079148286       -2.8851361104396060       -5.1800635552871501     
  0.78426860079148286       -2.7569078388645125       -4.9303112903991346     
  0.78426860079148286       -2.6286795672894190       -4.6815715708165406     
  0.78426860079148286       -2.5004512957143250       -4.4341436023114884     
  0.78426860079148286       -2.3722230241392315       -4.1882958998968682     
  0.78426860079148286       -2.2439947525641379       -3.9442610902115347     
  0.78426860079148286       -2.1157664809890444       -3.7022320718692510     
  0.78426860079148286       -1.9875382094139509       -3.4623595615344875     
  0.78426860079148286       -1.8593099378388573       -3.2247509713184317     
  0.78426860079148286       -1.7310816662637636       -2.9894704966776362     
  0.78426860079148286       -1.6028533946886701       -2.7565402470474361     
  0.78426860079148286       -1.4746251231135765       -2.5259422247678196     
  0.78426860079148286       -1.3463968515384828       -2.2976209499004825     
  0.78426860079148286       -1.2181685799633892       -2.0714865361126074     
  0.78426860079148286       -1.0899403083882957       -1.8474180419203421     
  0.78426860079148286      -0.96171203681320216       -1.6252669481313837     
  0.78426860079148286      -0.83348376523810863       -1.4048606425833148     
  0.78426860079148286      -0.70525549366301510       -1.1860058242176363     
  0.78426860079148286      -0.57702722208792157      -0.96849176793908287     
  0.78426860079148286      -0.44879895051282759      -0.75209341814303732     
  0.78426860079148286      -0.32057067893773405      -0.53657430146829055     
  0.78426860079148286      -0.19234240736264052      -0.32168926796827041     
  0.78426860079148286       -6.4114135787546989E-002 -0.10718708454966835     
  0.78426860079148286        6.4114135787546545E-002  0.10718708454966761     
  0.78426860079148286       0.19234240736264008       0.32168926796826974     
  0.78426860079148286       0.32057067893773361       0.53657430146828988     
  0.78426860079148286       0.44879895051282759       0.75209341814303732     
  0.78426860079148286       0.57702722208792112       0.96849176793908220     
  0.78426860079148286       0.70525549366301465        1.1860058242176357     
  0.78426860079148286       0.83348376523810819        1.4048606425833141     
  0.78426860079148286       0.96171203681320172        1.6252669481313828     
  0.78426860079148286        1.0899403083882957        1.8474180419203421     
  0.78426860079148286        1.2181685799633888        2.0714865361126065     
  0.78426860079148286        1.3463968515384828        2.2976209499004825     
  0.78426860079148286        1.4746251231135759        2.5259422247678178     
  0.78426860079148286        1.6028533946886698        2.7565402470474361     
  0.78426860079148286        1.7310816662637629        2.9894704966776353     
  0.78426860079148286        1.8593099378388569        3.2247509713184308     
  0.78426860079148286        1.9875382094139500        3.4623595615344858     
  0.78426860079148286        2.1157664809890440        3.7022320718692501     
  0.78426860079148286        2.2439947525641379        3.9442610902115347     
  0.78426860079148286        2.3722230241392310        4.1882958998968673     
  0.78426860079148286        2.5004512957143250        4.4341436023114884     
  0.78426860079148286        2.6286795672894181        4.6815715708165380     
  0.78426860079148286        2.7569078388645121        4.9303112903991337     
  0.78426860079148286        2.8851361104396052        5.1800635552871483     
  0.78426860079148286        3.0133643820146991        5.4305049054825529     
  0.78426860079148286        3.1415926535897931        5.6812950918310614     


  0.79387759422661797       -3.1415926535897931       -5.6889175486867840     
  0.79387759422661797       -3.0133643820146996       -5.4375487254754828     
  0.79387759422661797       -2.8851361104396060       -5.1865341878084754     
  0.79387759422661797       -2.7569078388645125       -4.9362194616312616     
  0.79387759422661797       -2.6286795672894190       -4.6869329492274625     
  0.79387759422661797       -2.5004512957143250       -4.4389783224744388     
  0.79387759422661797       -2.3722230241392315       -4.1926279722760205     
  0.79387759422661797       -2.2439947525641379       -3.9481177292027678     
  0.79387759422661797       -2.1157664809890444       -3.7056429760441794     
  0.79387759422661797       -1.9875382094139509       -3.4653561788770038     
  0.79387759422661797       -1.8593099378388573       -3.2273657787560524     
  0.79387759422661797       -1.7310816662637636       -2.9917363180829160     
  0.79387759422661797       -1.6028533946886701       -2.7584896278704094     
  0.79387759422661797       -1.4746251231135765       -2.5276068752614904     
  0.79387759422661797       -1.3463968515384828       -2.2990312630894594     
  0.79387759422661797       -1.2181685799633892       -2.0726711816304859     
  0.79387759422661797       -1.0899403083882957       -1.8484036328294811     
  0.79387759422661797      -0.96171203681320216       -1.6260777749112429     
  0.79387759422661797      -0.83348376523810863       -1.4055184665858884     
  0.79387759422661797      -0.70525549366301510       -1.1865297219201634     
  0.79387759422661797      -0.57702722208792157      -0.96889801711592549     
  0.79387759422661797      -0.44879895051282759      -0.75239541746202643     
  0.79387759422661797      -0.32057067893773405      -0.53678251583504477     
  0.79387759422661797      -0.19234240736264052      -0.32181119306151240     
  0.79387759422661797       -6.4114135787546989E-002 -0.10722722530627704     
  0.79387759422661797        6.4114135787546545E-002  0.10722722530627631     
  0.79387759422661797       0.19234240736264008       0.32181119306151162     
  0.79387759422661797       0.32057067893773361       0.53678251583504399     
  0.79387759422661797       0.44879895051282759       0.75239541746202643     
  0.79387759422661797       0.57702722208792112       0.96889801711592460     
  0.79387759422661797       0.70525549366301465        1.1865297219201627     
  0.79387759422661797       0.83348376523810819        1.4055184665858880     
  0.79387759422661797       0.96171203681320172        1.6260777749112418     
  0.79387759422661797        1.0899403083882957        1.8484036328294811     
  0.79387759422661797        1.2181685799633888        2.0726711816304850     
  0.79387759422661797        1.3463968515384828        2.2990312630894594     
  0.79387759422661797        1.4746251231135759        2.5276068752614886     
  0.79387759422661797        1.6028533946886698        2.7584896278704090     
  0.79387759422661797        1.7310816662637629        2.9917363180829146     
  0.79387759422661797        1.8593099378388569        3.2273657787560515     
  0.79387759422661797        1.9875382094139500        3.4653561788770024     
  0.79387759422661797        2.1157664809890440        3.7056429760441785     
  0.79387759422661797        2.2439947525641379        3.9481177292027678     
  0.79387759422661797        2.3722230241392310        4.1926279722760196     
  0.79387759422661797        2.5004512957143250        4.4389783224744388     
  0.79387759422661797        2.6286795672894181        4.6869329492274616     
  0.79387759422661797        2.7569078388645121        4.9362194616312607     
  0.79387759422661797        2.8851361104396052        5.1865341878084736     
  0.79387759422661797        3.0133643820146991        5.4375487254754820     
  0.79387759422661797        3.1415926535897931        5.6889175486867840     


  0.80338448729044920       -3.1415926535897931       -5.6965503619287663     
  0.80338448729044920       -3.0133643820146996       -5.4446041060666328     
  0.80338448729044920       -2.8851361104396060       -5.1930175646862970     
  0.80338448729044920       -2.7569078388645125       -4.9421415197352072     
  0.80338448729044920       -2.6286795672894190       -4.6923092944218547     
  0.80338448729044920       -2.5004512957143250       -4.4438290047412377     
  0.80338448729044920       -2.3722230241392315       -4.1969768950458519     
  0.80338448729044920       -2.2439947525641379       -3.9519919773474577     
  0.80338448729044920       -2.1157664809890444       -3.7090720966808854     
  0.80338448729044920       -1.9875382094139509       -3.4683714479124346     
  0.80338448729044920       -1.8593099378388573       -3.2299994825328557     
  0.80338448729044920       -1.7310816662637636       -2.9940210742812741     
  0.80338448729044920       -1.6028533946886701       -2.7604577637314462     
  0.80338448729044920       -1.4746251231135765       -2.5292898749464023     
  0.80338448729044920       -1.3463968515384828       -2.3004592901447722     
  0.80338448729044920       -1.2181685799633892       -2.0738726774956109     
  0.80338448729044920       -1.0899403083882957       -1.8494049883194690     
  0.80338448729044920      -0.96171203681320216       -1.6269030687020547     
  0.80338448729044920      -0.83348376523810863       -1.4061892628714261     
  0.80338448729044920      -0.70525549366301510       -1.1870649184740496     
  0.80338448729044920      -0.57702722208792157      -0.96931373481329541     
  0.80338448729044920      -0.44879895051282759      -0.75270492272629996     
  0.80338448729044920      -0.32057067893773405      -0.53699616831332975     
  0.80338448729044920      -0.19234240736264052      -0.32193641196599126     
  0.80338448729044920       -6.4114135787546989E-002 -0.10726846918284619     
  0.80338448729044920        6.4114135787546545E-002  0.10726846918284547     
  0.80338448729044920       0.19234240736264008       0.32193641196599054     
  0.80338448729044920       0.32057067893773361       0.53699616831332908     
  0.80338448729044920       0.44879895051282759       0.75270492272629996     
  0.80338448729044920       0.57702722208792112       0.96931373481329464     
  0.80338448729044920       0.70525549366301465        1.1870649184740492     
  0.80338448729044920       0.83348376523810819        1.4061892628714256     
  0.80338448729044920       0.96171203681320172        1.6269030687020540     
  0.80338448729044920        1.0899403083882957        1.8494049883194690     
  0.80338448729044920        1.2181685799633888        2.0738726774956100     
  0.80338448729044920        1.3463968515384828        2.3004592901447722     
  0.80338448729044920        1.4746251231135759        2.5292898749464010     
  0.80338448729044920        1.6028533946886698        2.7604577637314458     
  0.80338448729044920        1.7310816662637629        2.9940210742812727     
  0.80338448729044920        1.8593099378388569        3.2299994825328544     
  0.80338448729044920        1.9875382094139500        3.4683714479124328     
  0.80338448729044920        2.1157664809890440        3.7090720966808850     
  0.80338448729044920        2.2439947525641379        3.9519919773474577     
  0.80338448729044920        2.3722230241392310        4.1969768950458510     
  0.80338448729044920        2.5004512957143250        4.4438290047412377     
  0.80338448729044920        2.6286795672894181        4.6923092944218530     
  0.80338448729044920        2.7569078388645121        4.9421415197352063     
  0.80338448729044920        2.8851361104396052        5.1930175646862944     
  0.80338448729044920        3.0133643820146991        5.4446041060666319     
  0.80338448729044920        3.1415926535897931        5.6965503619287663     


  0.81279120640507696       -3.1415926535897931       -5.7041921782143676     
  0.81279120640507696       -3.0133643820146996       -5.4516697207547589     
  0.81279120640507696       -2.8851361104396060       -5.1995123865476547     
  0.81279120640507696       -2.7569078388645125       -4.9480761930491486     
  0.81279120640507696       -2.6286795672894190       -4.6976993633447046     
  0.81279120640507696       -2.5004512957143250       -4.4486944358944100     
  0.81279120640507696       -2.3722230241392315       -4.2013414864163137     
  0.81279120640507696       -2.2439947525641379       -3.9558826862539678     
  0.81279120640507696       -2.1157664809890444       -3.7125183211535582     
  0.81279120640507696       -1.9875382094139509       -3.4714042945492167     
  0.81279120640507696       -1.8593099378388573       -3.2326510502513059     
  0.81279120640507696       -1.7310816662637636       -2.9963237780940610     
  0.81279120640507696       -1.6028533946886701       -2.7624437165168136     
  0.81279120640507696       -1.4746251231135765       -2.5309903388798092     
  0.81279120640507696       -1.3463968515384828       -2.3019042035841975     
  0.81279120640507696       -1.2181685799633892       -2.0750902580701660     
  0.81279120640507696       -1.0899403083882957       -1.8504214089771078     
  0.81279120640507696      -0.96171203681320216       -1.6277422005889430     
  0.81279120640507696      -0.83348376523810863       -1.4068724770870660     
  0.81279120640507696      -0.70525549366301510       -1.1876109378418858     
  0.81279120640507696      -0.57702722208792157      -0.96973852665896798     
  0.81279120640507696      -0.44879895051282759      -0.75302162409118367     
  0.81279120640507696      -0.32057067893773405      -0.53721503588958874     
  0.81279120640507696      -0.19234240736264052      -0.32206479018670359     
  0.81279120640507696       -6.4114135787546989E-002 -0.10731077123237533     
  0.81279120640507696        6.4114135787546545E-002  0.10731077123237459     
  0.81279120640507696       0.19234240736264008       0.32206479018670287     
  0.81279120640507696       0.32057067893773361       0.53721503588958797     
  0.81279120640507696       0.44879895051282759       0.75302162409118367     
  0.81279120640507696       0.57702722208792112       0.96973852665896720     
  0.81279120640507696       0.70525549366301465        1.1876109378418849     
  0.81279120640507696       0.83348376523810819        1.4068724770870653     
  0.81279120640507696       0.96171203681320172        1.6277422005889417     
  0.81279120640507696        1.0899403083882957        1.8504214089771078     
  0.81279120640507696        1.2181685799633888        2.0750902580701651     
  0.81279120640507696        1.3463968515384828        2.3019042035841975     
  0.81279120640507696        1.4746251231135759        2.5309903388798078     
  0.81279120640507696        1.6028533946886698        2.7624437165168136     
  0.81279120640507696        1.7310816662637629        2.9963237780940593     
  0.81279120640507696        1.8593099378388569        3.2326510502513051     
  0.81279120640507696        1.9875382094139500        3.4714042945492150     
  0.81279120640507696        2.1157664809890440        3.7125183211535577     
  0.81279120640507696        2.2439947525641379        3.9558826862539678     
  0.81279120640507696        2.3722230241392310        4.2013414864163128     
  0.81279120640507696        2.5004512957143250        4.4486944358944100     
  0.81279120640507696        2.6286795672894181        4.6976993633447028     
  0.81279120640507696        2.7569078388645121        4.9480761930491477     
  0.81279120640507696        2.8851361104396052        5.1995123865476538     
  0.81279120640507696        3.0133643820146991        5.4516697207547580     
  0.81279120640507696        3.1415926535897931        5.7041921782143676     


  0.82210160441470148       -3.1415926535897931       -5.7118433398488717     
  0.82210160441470148       -3.0133643820146996       -5.4587458143920795     
  0.82210160441470148       -2.8851361104396060       -5.2060188022190061     
  0.82210160441470148       -2.7569078388645125       -4.9540235372001167     
  0.82210160441470148       -2.6286795672894190       -4.7031031225935882     
  0.82210160441470148       -2.5004512957143250       -4.4535744989351480     
  0.82210160441470148       -2.3722230241392315       -4.2057215523854703     
  0.82210160441470148       -2.2439947525641379       -3.9597895925483817     
  0.82210160441470148       -2.1157664809890444       -3.7159813252468061     
  0.82210160441470148       -1.9875382094139509       -3.4744543430086243     
  0.82210160441470148       -1.8593099378388573       -3.2353200644331315     
  0.82210160441470148       -1.7310816662637636       -2.9986439806235223     
  0.82210160441470148       -1.6028533946886701       -2.7644470164316997     
  0.82210160441470148       -1.4746251231135765       -2.5327077869591035     
  0.82210160441470148       -1.3463968515384828       -2.3033655234792461     
  0.82210160441470148       -1.2181685799633892       -2.0763234538044273     
  0.82210160441470148       -1.0899403083882957       -1.8514524453960266     
  0.82210160441470148      -0.96171203681320216       -1.6285947504803360     
  0.82210160441470148      -0.83348376523810863       -1.4075677268932478     
  0.82210160441470148      -0.70525549366301510       -1.1881674430118581     
  0.82210160441470148      -0.57702722208792157      -0.97017210757118100     
  0.82210160441470148      -0.44879895051282759      -0.75334529393819527     
  0.82210160441470148      -0.32057067893773405      -0.53743895279408183     
  0.82210160441470148      -0.19234240736264052      -0.32219622697898925     
  0.82210160441470148       -6.4114135787546989E-002 -0.10735409765863120     
  0.82210160441470148        6.4114135787546545E-002  0.10735409765863047     
  0.82210160441470148       0.19234240736264008       0.32219622697898853     
  0.82210160441470148       0.32057067893773361       0.53743895279408116     
  0.82210160441470148       0.44879895051282759       0.75334529393819527     
  0.82210160441470148       0.57702722208792112       0.97017210757118022     
  0.82210160441470148       0.70525549366301465        1.1881674430118576     
  0.82210160441470148       0.83348376523810819        1.4075677268932476     
  0.82210160441470148       0.96171203681320172        1.6285947504803353     
  0.82210160441470148        1.0899403083882957        1.8514524453960266     
  0.82210160441470148        1.2181685799633888        2.0763234538044264     
  0.82210160441470148        1.3463968515384828        2.3033655234792461     
  0.82210160441470148        1.4746251231135759        2.5327077869591021     
  0.82210160441470148        1.6028533946886698        2.7644470164316992     
  0.82210160441470148        1.7310816662637629        2.9986439806235210     
  0.82210160441470148        1.8593099378388569        3.2353200644331306     
  0.82210160441470148        1.9875382094139500        3.4744543430086225     
  0.82210160441470148        2.1157664809890440        3.7159813252468052     
  0.82210160441470148        2.2439947525641379        3.9597895925483817     
  0.82210160441470148        2.3722230241392310        4.2057215523854694     
  0.82210160441470148        2.5004512957143250        4.4535744989351480     
  0.82210160441470148        2.6286795672894181        4.7031031225935864     
  0.82210160441470148        2.7569078388645121        4.9540235372001158     
  0.82210160441470148        2.8851361104396052        5.2060188022190044     
  0.82210160441470148        3.0133643820146991        5.4587458143920795     
  0.82210160441470148        3.1415926535897931        5.7118433398488717     


  0.83131953416352267       -3.1415926535897931       -5.7195043621276023     
  0.83131953416352267       -3.0133643820146996       -5.4658327961650919     
  0.83131953416352267       -2.8851361104396060       -5.2125371162573328     
  0.83131953416352267       -2.7569078388645125       -4.9599837550429804     
  0.83131953416352267       -2.6286795672894190       -4.7085206776356516     
  0.83131953416352267       -2.5004512957143250       -4.4584692075558436     
  0.83131953416352267       -2.3722230241392315       -4.2101170216701318     
  0.83131953416352267       -2.2439947525641379       -3.9637125478247581     
  0.83131953416352267       -2.1157664809890444       -3.7194608921895873     
  0.83131953416352267       -1.9875382094139509       -3.4775213176556159     
  0.83131953416352267       -1.8593099378388573       -3.2380062006534303     
  0.83131953416352267       -1.7310816662637636       -3.0009813191259189     
  0.83131953416352267       -1.6028533946886701       -2.7664672731026418     
  0.83131953416352267       -1.4746251231135765       -2.5344418119098493     
  0.83131953416352267       -1.3463968515384828       -2.3048428362476656     
  0.83131953416352267       -1.2181685799633892       -2.0775718550966502     
  0.83131953416352267       -1.0899403083882957       -1.8524977017777677     
  0.83131953416352267      -0.96171203681320216       -1.6294603455883943     
  0.83131953416352267      -0.83348376523810863       -1.4082746709674669     
  0.83131953416352267      -0.70525549366301510       -1.1887341317059852     
  0.83131953416352267      -0.57702722208792157      -0.97061422091259297     
  0.83131953416352267      -0.44879895051282759      -0.75367572679223382     
  0.83131953416352267      -0.32057067893773405      -0.53766776908610836     
  0.83131953416352267      -0.19234240736264052      -0.32233063110102805     
  0.83131953416352267       -6.4114135787546989E-002 -0.10739841783394545     
  0.83131953416352267        6.4114135787546545E-002  0.10739841783394470     
  0.83131953416352267       0.19234240736264008       0.32233063110102728     
  0.83131953416352267       0.32057067893773361       0.53766776908610758     
  0.83131953416352267       0.44879895051282759       0.75367572679223382     
  0.83131953416352267       0.57702722208792112       0.97061422091259231     
  0.83131953416352267       0.70525549366301465        1.1887341317059845     
  0.83131953416352267       0.83348376523810819        1.4082746709674663     
  0.83131953416352267       0.96171203681320172        1.6294603455883936     
  0.83131953416352267        1.0899403083882957        1.8524977017777677     
  0.83131953416352267        1.2181685799633888        2.0775718550966498     
  0.83131953416352267        1.3463968515384828        2.3048428362476656     
  0.83131953416352267        1.4746251231135759        2.5344418119098480     
  0.83131953416352267        1.6028533946886698        2.7664672731026414     
  0.83131953416352267        1.7310816662637629        3.0009813191259180     
  0.83131953416352267        1.8593099378388569        3.2380062006534294     
  0.83131953416352267        1.9875382094139500        3.4775213176556141     
  0.83131953416352267        2.1157664809890440        3.7194608921895873     
  0.83131953416352267        2.2439947525641379        3.9637125478247581     
  0.83131953416352267        2.3722230241392310        4.2101170216701309     
  0.83131953416352267        2.5004512957143250        4.4584692075558436     
  0.83131953416352267        2.6286795672894181        4.7085206776356499     
  0.83131953416352267        2.7569078388645121        4.9599837550429795     
  0.83131953416352267        2.8851361104396052        5.2125371162573320     
  0.83131953416352267        3.0133643820146991        5.4658327961650919     
  0.83131953416352267        3.1415926535897931        5.7195043621276023     


